100
88 97
3168 2688
6506 799
749 6862
8263 8852
5413 4042
8510 4189
7596 5329
1878 248
9942 1660
1816 4221
4318 985
231 6720
6042 6038
6243 5317
6105 665
9705 7674
8473 5625
2487 6212
1416 9222
9616 7102
1292 3181
8510 4478
4726 5240
6900 6740
962 4668
2005 5068
8141 1632
7670 8588
3905 535
7552 3913
1587 10
1988 7258
3470 6412
1986 4475
1578 1238
4420 1602
6080 9222
4462 2930
6023 7158
1826 7715
9135 3337
4969 3832
2420 3628
4164 2640
2905 2678
2688 1716
8974 845
7257 1028
5504 8796
35 9244
846 3434
9008 4455
3737 3279
6789 9822
3889 6112
9449 8616
8800 3025
6653 771
3411 7572
250 817
8886 2668
3513 9291
319 7860
3009 771
15 2175
1961 9396
3851 7213
6844 969
792 3940
6405 3634
8602 4681
4058 5854
2977 7402
1326 7064
4233 6388
5409 7929
7220 3119
7332 8922
9693 3891
6067 341
9737 6060
3274 8028
5350 9940
232 118
104 2494
7175 6637
8844 8706
6108 7586
4650 1821
4562 3787
1716 8883
2003 9971
5245 8936
2827 5687
2380 4939
7351 5246
9627 8469
25 75
7096 4977
7471 4993
7983 7200
5907 998
8584 3179
5000 8367
2154 9586
8470 5914
2237 3870
9158 6825
2512 7483
8774 8338
9936 4892
3361 6125
3103 9563
892 8122
9467 6551
3751 8363
5714 7450
629 6010
4378 650
237 1982
7896 2884
3107 8707
1884 6486
3969 2265
603 4396
5640 9095
1572 540
6455 5353
9827 4675
1226 7348
2063 9294
6745 1330
3692 7777
8428 3726
5708 8070
7307 5017
76 9957
6443 414
2679 1960
2708 6764
5859 9635
6527 8348
53 7431
8459 2982
6682 9880
9174 6037
3719 8746
2875 5919
5998 7412
1834 7655
2672 1706
1663 9141
9555 2748
4708 8106
4870 8587
4574 7416
2116 7081
865 1101
435 2169
2049 9324
5361 7118
2216 7576
9847 9081
2845 5091
2747 5845
7552 4679
3821 5419
4520 5567
3674 9728
8315 9228
2997 4896
8330 9241
342 1465
95 99
8519 7130
600 2036
9612 232
5665 2816
7907 9460
5305 8510
3190 654
2426 9209
4777 3363
3091 6946
2526 8451
9699 7759
7000 5523
6989 8029
3576 3695
825 6976
9012 8447
8680 1425
4241 4977
4437 697
5560 8500
9155 6094
5304 8750
2113 1581
4879 81
4884 1556
9315 7405
2929 935
8965 2668
6363 6270
9598 8893
7341 3540
1317 4962
9939 6021
3070 1910
410 728
6823 8630
3732 5917
7498 2127
2208 5845
3754 8729
6135 3444
4379 3069
2089 5416
1686 9696
8590 8452
1992 7636
2598 5931
8304 9661
1571 2538
9618 1374
5 1982
7899 6441
4920 3737
5935 1750
479 7128
6924 6041
5462 6614
2030 1304
1000 7552
6004 68
7704 9590
1873 4349
4010 6655
5545 177
7904 5582
3916 5163
1605 4261
7998 8167
9917 2877
6 285
2678 6749
9715 3282
4586 8141
5693 8098
4518 5587
1529 8049
8750 8575
5230 3403
3580 2761
4695 7127
2290 7836
2097 4963
3130 247
3125 6448
3085 9400
2501 9483
2765 5764
3905 2216
6666 7352
9291 5950
3999 1185
6112 820
575 2750
1863 7694
4821 508
8344 2910
7873 7111
3711 442
55 94
6755 6836
6319 9975
5739 9256
7825 5436
2788 5996
1946 4491
2028 8431
5604 2298
1400 8140
5834 6179
6687 9615
2525 655
4119 5032
1826 6750
4105 7830
1018 8716
5043 7213
6469 7337
9125 7135
3131 646
1490 8266
6697 1430
80 3518
8011 2301
4833 7832
7447 197
7205 1520
2904 6324
9426 1324
5506 1082
9798 3531
744 6524
213 1194
8329 3566
4212 9338
7604 7812
9242 2054
5573 654
9307 9322
3506 9936
133 4140
5661 953
3629 7338
5014 4917
6000 3055
2939 6872
3396 2150
3344 35
3601 9961
9300 8025
5838 4166
6220 3256
262 1432
755 8145
8081 9570
3710 613
1567 4567
8257 5723
6993 1548
4604 3272
144 9345
1495 3895
3930 9893
9854 1192
5569 3884
4402 5506
5115 1407
2840 6974
5120 1729
1299 9947
560 9553
472 1362
3437 8479
28 8730
8354 430
9775 984
4879 4850
4743 7623
5167 5161
9045 950
2808 736
8496 3447
6774 7923
9653 1336
7635 8246
7799 7304
8666 4547
3027 4624
3354 2104
8886 9407
6743 1708
6558 5014
2637 1622
3135 7654
56 71
4892 2181
1980 1412
5688 3388
1076 8754
7000 1693
8997 5063
9611 1152
5776 4016
2472 2638
8397 5482
3542 1358
2724 5140
3114 100
4106 5361
9517 6249
4782 2710
475 762
502 3115
8221 2515
560 7931
2994 1574
2726 9557
9925 2605
1595 4854
6688 2397
108 9992
1484 230
6682 2832
4546 4598
848 789
9851 415
7529 1982
5097 326
9193 8032
2315 3319
1245 9753
5663 5309
4267 323
5177 5588
4338 5862
2207 8217
8447 798
9982 3691
8290 5129
5918 4528
1296 5490
3824 5770
2448 8825
3209 5274
4945 7994
7747 5524
7186 6190
6513 3410
5351 1453
3667 8042
6259 6041
6839 2226
2270 4706
6187 6821
7702 6912
2402 2106
4228 5350
4175 2578
7852 3028
1022 3737
5613 2797
8987 5122
4884 9151
6956 5500
3542 235
2628 624
1 4
859 9467
2641 1472
8384 7047
5505 6695
38 75
9717 6085
9113 2572
2661 3921
6719 6488
1610 8275
7426 2058
3911 6494
3082 4383
1359 3805
9959 5710
1530 561
8386 818
4217 523
7218 6770
3909 9722
2159 9263
8187 9978
3899 1273
7761 849
5476 6970
5381 5723
2217 9254
3637 9292
3097 5299
7362 1348
8262 3056
227 8892
9415 6648
9770 4444
519 6633
2248 31
6361 9030
303 6787
7636 6613
3583 4416
139 9464
8719 5316
4608 8709
4008 8708
57 4058
7114 7722
6614 4671
1319 3693
4490 6029
9014 7441
7473 1361
391 7614
754 186
6799 7047
7815 4742
4207 6735
2051 4307
3016 2926
1634 6660
718 3376
1099 8043
2714 4184
4230 7713
95 385
7827 8720
6433 5461
9428 1652
1838 6824
223 182
4924 4990
1725 8039
2346 9131
8409 3776
6788 1714
5090 44
8087 3858
8043 6189
255 802
1187 8625
3697 6702
66 70
3370 130
6954 7943
8125 1561
6551 3530
1569 9402
4885 8276
2052 267
1981 3295
3339 8841
2699 7071
9613 7778
4932 7094
2071 6220
2922 2472
7838 5768
5898 1437
9381 7561
9122 9205
2735 3858
3260 5673
3949 656
923 8146
1441 2353
7546 9256
6327 1132
5262 6598
44 2292
8512 195
9019 2116
7884 1434
2872 3209
770 3783
2988 8605
2463 9892
1917 2075
2731 2076
222 5866
4572 6
9262 8015
5499 2118
5068 1941
4234 7113
3660 5113
7229 2746
533 2679
5889 5113
5248 9757
8362 6659
2904 4588
6663 7177
9253 4821
7040 5746
2104 5827
194 1612
82 1366
9660 2045
5511 5151
264 3894
2992 9171
1851 7493
8958 9877
9634 7740
751 4207
8795 4348
7878 7
4829 1811
3909 3483
9311 1869
9833 6014
7380 5857
15 59
5066 7040
7286 9766
8937 5330
9175 279
6508 7140
1232 4486
8693 6143
6843 1984
1991 3840
5651 4721
8205 3172
1393 5913
1927 3868
9725 1226
1142 9307
2700 332
98 6208
7891 6338
2969 5388
2528 3418
7904 9478
5621 113
2097 2949
6790 8816
3538 440
9965 8793
4706 1743
1963 1358
2585 6633
2293 8040
8373 79
6287 1345
7683 4823
6563 530
301 653
131 5444
5557 8205
1155 2104
920 4006
798 4297
3090 4458
2553 763
2122 4149
7134 4516
8909 1059
1138 9427
7124 7282
8457 3777
660 4808
1813 5021
465 961
5518 1944
400 6022
28 3025
7322 1320
2131 7178
7942 6765
7266 1036
1905 6416
1 76
180 814
4448 4965
8742 7304
8464 2905
7926 5754
6715 277
8573 4743
765 2234
1611 8973
6646 7145
4324 8934
2051 8777
6165 8618
5034 9317
3717 8070
5236 8861
178 3897
7554 9684
2590 8920
4675 2370
2648 6868
1612 7742
6328 7573
6547 8729
2227 7940
3226 9545
4674 2903
1521 5277
4594 839
5262 2907
8120 4663
8561 498
183 8298
3570 2467
4837 9125
5993 8245
2340 3837
1411 7605
2687 8668
2960 4310
3855 4914
7817 6186
1463 4881
5720 5690
4949 2409
7073 7334
7833 3069
1367 1986
4453 4368
9845 4937
9535 5642
9480 5838
9796 1875
6895 7243
7905 2483
3749 6208
2394 8112
2993 7918
3608 210
8971 8713
2400 8557
7978 6044
8030 233
953 9345
634 8835
4478 798
2988 169
8396 310
3905 2784
1619 1644
7852 1810
9922 1720
9638 6598
3160 9267
4332 9598
4507 2132
32 38
3317 2485
8182 2559
1394 4270
1420 8817
5338 2224
8886 4409
3545 3735
5379 9143
953 1517
3237 9583
6181 7227
6494 9228
5178 5694
7826 827
3911 9686
8523 2354
4913 7229
7851 3058
1875 2660
4884 9272
33 7213
7300 123
9266 3578
1447 2679
2262 6572
151 4685
265 4796
490 2998
177 5443
1481 4668
7022 4088
1317 5
9415 1936
948 9169
4793 1290
4855 5832
2307 4826
4756 2156
74 75
8146 6204
7241 3450
4598 4649
7647 7506
9301 1440
6108 7824
1913 783
7140 3130
1418 9582
8751 6555
4197 2366
4551 9896
1074 9052
7560 6858
4784 5831
8387 8748
8550 9282
3932 5628
9486 3148
940 1579
9404 8787
5922 7048
6530 1317
7251 3062
5969 7949
6667 2355
2251 166
5571 7570
781 3326
9157 3131
1879 5565
1200 3896
9524 429
9929 5132
6711 5362
4149 869
4269 2467
136 6424
9486 800
5101 7388
9743 1808
1974 1768
5691 1994
1672 7545
7029 6472
8389 7181
1077 8908
5690 9589
1073 6953
2315 1971
2841 7785
6604 2817
9241 7110
4262 6741
481 5079
6887 9363
7484 224
8570 5214
9111 3175
5999 243
7424 6140
1401 740
330 4854
1807 7091
9062 1403
5540 4123
3292 8255
1718 2145
5238 2533
3964 5980
1696 5719
2295 852
2418 9180
8707 865
7460 1529
58 90
1798 1237
6091 9071
2514 2128
9884 4250
4725 7928
6184 1776
273 8017
550 7902
234 5511
7582 4515
1719 1930
7462 9877
7095 4137
2018 2521
3579 4555
2144 6040
5111 5378
3858 4587
8838 3977
1906 94
1871 3563
1581 8090
2344 2144
4008 8483
9350 8930
7213 1590
7820 7421
7910 1027
3549 4915
5822 9929
5969 3480
8858 4319
8906 7433
1410 9069
9163 7744
7660 3316
7758 1034
9531 5593
428 6454
5385 3539
1481 9779
3552 8950
9977 9301
568 1463
1392 3526
7007 6391
710 3713
1146 2217
7638 9616
3713 8909
2225 6802
4188 7725
3318 6336
2790 71
3610 3746
9877 4527
3477 5092
745 3430
4893 9807
9685 1314
7705 2637
6350 3044
5262 4767
735 7497
6406 2900
6054 4448
8525 4983
7671 243
6666 1843
1942 6814
1341 277
1721 1819
5249 1171
978 2466
132 6494
9131 7015
60 7837
8956 5482
9331 1674
4574 9692
492 2089
7072 6981
3576 9018
7213 1096
7910 242
6871 9155
7327 9251
6774 8592
7411 8928
5423 4104
43 56
1733 906
2740 1180
2854 689
6733 2071
4160 3780
7113 7226
2596 7585
8681 689
7284 6161
5317 2943
2194 4155
2748 8996
7924 5321
9425 6511
4054 9699
606 6897
8077 2139
9181 9698
1770 7283
7416 5914
9492 2282
6219 4529
1571 8440
4602 1252
4195 8855
3010 6271
5267 2742
8063 2110
8621 3191
9243 3840
738 9028
7519 6201
5899 5167
8803 6700
2615 4021
2656 6219
7100 8459
6900 8875
6480 5023
3878 1502
7773 675
9769 3241
1703 3040
2583 4184
8025 6677
5705 8178
4379 5115
282 3224
6277 6631
652 5437
1656 8892
3703 3308
8536 5109
132 603
2105 5016
2043 363
30 61
5622 8165
2349 1659
8336 4558
2736 6726
1841 393
9970 7116
3747 8476
3913 6247
1491 751
4060 1922
3383 5194
2150 8948
3964 9867
230 607
6838 2359
524 6538
8198 2460
7018 9226
5952 2886
9632 6107
3223 4146
2622 9602
5849 3322
4073 2887
1161 3692
5238 4485
3433 4544
4412 7388
7996 3749
2461 994
7533 1186
9998 9337
8563 2083
1321 3369
9476 868
5014 953
555 9051
2373 3988
3227 2756
2800 2798
3636 4389
8933 8039
1779 3421
7171 9697
692 9775
7313 5984
5321 4577
3012 7312
7033 237
1105 4333
5287 6509
1912 2471
6459 2194
1303 4285
3435 9686
427 4103
2142 3423
6845 9361
9058 274
49 4016
0 6102
15 41
7379 1673
1910 3691
8025 4412
921 3015
5486 9664
1858 2833
3470 8297
4336 3161
3617 3257
6681 4763
476 2111
2385 3526
3894 9535
5637 8787
2502 246
1919 2669
6360 9881
4293 182
3197 737
401 1566
751 5036
9685 8612
8125 573
182 4021
5137 1742
3854 6863
6741 5613
5148 2591
1378 6987
7233 7138
9807 3880
113 5505
5687 2519
3257 758
2324 5236
6624 3658
8622 9427
6352 6310
331 6748
4842 6535
9750 1820
48 97
7640 2844
9831 8934
6072 9018
9251 3417
8922 2231
4751 9364
123 961
2549 8008
8018 8799
8227 9174
5484 6641
9741 931
7466 2167
3988 4583
9632 7217
6413 1422
356 3624
2642 6244
9661 2781
5012 1893
1258 4935
2248 6115
4123 7733
6532 4798
3972 8494
1487 1111
2043 9456
1623 1228
2163 5861
9430 5611
3385 8147
1771 5843
2088 3742
2875 4414
2659 8101
9389 7887
4003 269
4354 7989
2787 4478
2972 887
8350 3111
2567 811
8391 6745
2607 543
2506 555
5054 8389
4233 5892
5986 6826
7592 2673
774 8861
3100 6603
6873 6515
4505 3455
7934 1227
8466 3644
6756 7258
8070 3169
9914 5675
6218 6461
3368 8873
7263 5077
7321 8423
1601 7848
521 3307
8520 5545
2148 7647
4163 7972
1428 5373
2953 5020
8664 9362
2972 1419
940 1772
7448 1042
3856 7207
6080 3666
8743 3576
1999 9695
7543 2416
2075 9952
5497 8064
5712 595
8568 7646
9371 6227
7599 9996
5710 2324
3744 6263
4388 8682
6077 1036
8243 1836
5502 6285
9861 4324
371 598
3014 8213
8165 7915
2331 5090
2037 15
4013 4395
57 100
3305 3384
5709 4573
7189 9015
4050 5805
6841 1577
3413 127
6412 5085
5761 5267
5865 6273
4486 6132
399 5232
6674 9004
9019 2731
3478 5063
2021 3032
6416 453
5026 1678
694 8477
4282 2215
3792 1096
1223 1124
6209 3557
8825 3987
6612 8322
4454 4690
6274 1099
6455 1206
289 9300
4364 1826
4858 3767
4220 2737
4415 7626
6104 5599
7814 1461
2557 386
7862 7959
1516 132
4119 423
8745 6693
7736 732
8183 9552
758 4010
9663 4638
6464 1047
4814 4027
3116 7674
1652 5387
986 7531
5345 7756
4495 5152
9463 7902
4387 2357
2781 980
7673 8506
9238 7878
7430 1761
5772 3773
8411 8188
5587 5435
5814 1227
5253 6754
2141 8930
2813 6906
1014 9479
4631 4510
8765 5509
4219 4095
1427 3152
1658 3352
1230 5452
7214 7249
1022 5013
3201 9338
1125 5786
7013 5141
1895 6939
2221 8619
5525 4036
9867 1386
5897 6539
8401 850
4945 4662
7814 2620
2324 2724
4529 9472
3073 3554
8567 8095
3785 4096
9882 8121
3262 4910
8201 3247
1866 5157
5545 6774
8160 3743
6635 5412
2614 409
5071 5036
4008 7560
6636 2885
8710 6332
17 100
1964 1783
2231 4806
9279 5749
7011 2113
5361 2541
4050 1564
8338 3579
7323 5947
7711 2851
3260 3958
5346 325
4237 8332
7569 9354
5686 874
4743 2631
767 1924
3082 3060
8809 2998
1464 2361
4902 2173
3737 3177
6756 5304
1251 8428
1279 431
4389 8962
9288 4539
9223 6087
5441 3525
751 3145
5776 1127
9404 1847
4907 2895
2246 2486
4848 68
2241 3710
3239 6102
7759 2331
759 9995
6779 9010
4325 8390
2929 7520
3608 9965
9842 8505
1650 9049
6529 6946
8793 3778
6674 5933
4771 52
120 8920
8982 5971
8426 8714
7397 2221
8568 6185
1547 8156
6546 5347
2868 5872
2189 5827
4332 6476
1877 2032
8978 2334
6113 8406
691 4123
4175 9139
8059 1815
7786 647
5713 3393
5614 2564
8749 3110
7618 534
5882 6649
8873 516
2696 5102
7930 1063
9447 3380
5715 9807
4566 8425
8900 8180
7319 1609
3424 3075
74 1730
5123 7563
127 5788
5250 7089
7623 5229
1878 9221
9737 3505
8607 751
8166 8785
2166 2889
2697 7613
2390 4233
2413 7263
5224 1290
717 9732
7814 8649
6212 792
2932 2937
26 2691
7920 4534
3755 4001
50 96
3254 9845
4982 8818
1708 7772
5386 3500
7733 4405
8020 4128
5419 146
6230 3244
8245 2488
9632 396
3333 4457
3501 8916
3451 9711
3713 7773
3924 3558
9755 7572
6390 3530
1302 1090
4590 4450
8855 3040
7169 2324
8822 3227
6472 8940
1428 1405
1801 4717
5527 1061
9977 1487
1198 9028
3153 9780
9691 1263
5187 7077
6959 9446
536 7930
2380 8262
1302 1479
3803 7588
815 8471
3763 2625
382 3639
4709 5192
6253 2184
3671 236
5616 2582
2363 1221
8837 8769
2199 2054
7852 4024
8306 9158
3772 4741
6220 7039
979 1427
6250 23
9000 1794
1786 14
5206 9383
7919 6495
3083 1459
393 1590
9163 8699
3820 2756
1162 8000
8377 6019
1530 9015
3756 6683
74 1654
3081 6328
6351 1053
9200 9332
9346 1703
7438 986
3833 4552
2363 5357
3299 6916
5615 2756
1865 2463
463 5787
8159 3027
2042 8840
1876 9689
1343 2150
8478 8302
5708 777
109 1181
9237 4908
2246 9455
359 6675
8385 6079
2995 2722
1830 1684
499 4962
749 3695
6723 963
6155 8908
4949 8765
7268 4383
2686 2645
46 94
6928 8394
9654 3531
9338 2517
9192 8252
4331 9697
2419 7577
5614 3678
8640 4249
7945 6113
3428 5741
1002 1020
9785 9584
3967 5951
8596 7053
9152 3005
7751 8370
1901 2432
4949 3757
2009 1239
936 493
8071 6340
6370 9707
309 37
6150 1362
7104 8254
9274 9579
5515 8106
4057 5411
8817 9482
8840 9006
7376 7969
6753 2943
6701 5630
3221 1702
2195 8710
1403 510
217 6618
6655 7773
9136 526
5132 9158
8737 2592
698 758
2522 4252
86 1107
6465 1339
5660 5278
8222 194
2176 8765
467 1275
9985 5397
5907 9014
1985 7740
5514 2477
9355 4992
4150 1002
3594 4488
1598 9239
3491 644
8103 4120
5459 9930
1560 4569
1115 7471
6236 9782
1057 3291
8688 3055
8422 7395
5135 948
9777 407
5399 7001
8003 9132
9972 9550
8789 7949
8593 1571
2043 8633
4915 3049
7618 3855
1326 6475
2610 5085
8376 3915
6970 3667
1062 3416
716 1744
2151 2550
9551 493
5978 3903
9805 7555
1856 5950
3873 4946
3579 6802
9851 5917
9772 4846
1322 3821
8906 7450
7717 3932
82 96
7050 4688
2784 1366
3916 7767
4612 4936
8839 9819
3726 590
2893 8644
3590 5583
2385 3118
5387 3522
4720 2236
6057 5159
8962 6042
6326 1315
8597 6679
7719 6630
7996 1999
6118 504
1792 8264
8083 731
7673 6983
1979 1810
3745 6918
6389 1921
5443 6130
4718 1776
3288 6516
2558 7127
8442 2250
5281 5237
1867 3391
5390 9353
9857 6215
4479 7861
4944 8001
4984 2562
724 8969
5888 6963
8884 4469
6951 2277
405 680
7196 1669
5148 3693
2295 6106
1343 3590
3333 7577
6930 9562
5777 5076
2937 3139
1140 6608
5523 7881
6850 2476
9439 2599
7069 9090
7719 8323
5355 372
8394 8125
1818 2551
8658 3542
3485 4114
8043 6353
2268 6818
1894 1325
816 4397
1006 4831
2712 1956
784 2881
5480 5915
5005 223
4898 8901
9274 2725
850 254
9157 7668
1210 9020
9486 4167
521 4695
1514 7529
8854 9141
3538 9760
4592 9670
7978 896
3777 3656
9571 8762
5337 5610
4511 929
3654 236
6842 3785
1453 856
6228 5999
167 9016
63 5715
9596 7040
2533 7929
7690 4803
825 2423
3320 2282
4 39
3918 3449
9059 1862
2791 5608
2196 9923
3708 2797
5 9038
1389 1514
6882 6233
8300 1556
4948 6945
4875 7897
2700 7481
9905 2565
1199 3525
8681 3225
3026 3489
5351 8952
4560 8438
8361 4494
7291 6756
2146 8421
6287 3648
9882 3535
5092 3169
115 8182
6079 6392
3874 4990
3907 5131
8657 3779
3356 5106
4947 3690
2642 2734
1172 6651
1145 3554
6662 5885
659 4789
8437 8808
8696 6946
116 4671
40 71
6532 231
1573 5285
417 406
537 1832
6938 5426
5468 3893
6628 8237
4888 4463
8017 4152
6390 6034
7175 1032
9840 7049
347 5612
284 4888
5028 463
7046 9490
1127 1561
8319 4971
6803 7896
9674 8857
2750 93
8331 5143
9606 5730
6235 3219
5605 3975
5007 2625
6026 2780
4745 1200
6088 6373
3189 5029
871 1117
9030 6587
1559 1998
6247 7349
6206 4714
1160 5921
1064 5309
1039 5843
9062 7022
998 3626
2603 1020
3800 6005
7205 8629
1355 4897
6278 9646
763 896
7483 7149
5500 9793
7142 5394
109 1747
7668 9701
5010 7621
3464 5085
2107 2401
6028 8878
9898 3105
5463 8631
3613 51
4948 2668
2314 1320
2216 1227
4728 9429
9222 9699
1446 228
8327 2717
8770 7907
5528 2348
7433 3780
2533 8992
7870 9540
8998 8561
21 47
524 4461
3481 3510
4830 5472
3051 5796
1577 3398
3097 4132
712 7152
9869 895
8802 9040
7740 4991
8771 4330
9674 5173
1065 1304
6218 3897
8018 6415
876 6115
9625 8542
366 4358
6506 807
4205 9770
3902 8083
1587 3654
4550 4614
6 1456
2799 3352
4035 7746
9271 1570
9227 3709
7606 6689
3104 5445
1560 1976
518 333
4691 7537
8344 7237
7007 7549
1984 2549
2555 7261
8227 3572
1380 7105
6810 4586
2332 4180
2102 845
4554 7956
4645 1329
3126 8513
489 7749
8082 1038
60 78
4597 9125
3026 3271
2172 7956
5217 5011
4935 4728
8185 9796
4382 2667
6847 4995
5840 3067
1023 5302
6631 6747
5260 5668
9769 6110
7148 5749
3109 4204
9681 2076
1699 7706
2014 2708
4071 3872
4952 3583
3380 9006
8025 3137
8133 7762
7181 4873
175 325
7072 8204
224 3158
9268 2332
4434 6346
550 2769
1197 7543
1602 231
9291 2896
3120 3616
7200 3362
8720 8072
7562 6932
4694 6746
7971 2047
2372 8228
6432 4498
7656 5797
4481 3009
9355 3277
2398 8915
6459 6257
2840 3595
6491 8061
8029 8484
1846 9612
4036 5229
2161 6919
17 7950
9997 3208
1436 7988
2486 8722
871 4220
3581 6494
6123 5352
4268 9288
5545 8521
2116 727
5140 4738
3222 4960
4572 3169
4751 1420
4691 4960
2911 3264
6472 4708
2696 2908
7982 4260
4833 1534
4381 8853
4206 8414
7703 504
5378 8474
5553 9600
690 7494
45 60
6566 3912
1685 3378
4691 1317
934 6376
1085 7602
6862 3758
8019 133
1668 4845
3698 9204
7618 6049
2905 4256
9082 1673
1274 8283
2130 987
8032 1964
2229 936
667 951
2268 3914
290 5358
2960 9554
3313 7727
7861 9822
1019 1332
536 5881
8282 1070
5326 4506
6180 1187
5823 761
1748 3806
5770 4305
1593 6133
7084 7999
8265 2260
3970 5704
1611 4908
2635 6930
3105 4924
6256 496
2729 476
1546 3144
4002 1011
2199 3225
3986 182
3988 4374
8679 2086
4571 6111
462 272
8885 8007
64 8728
3636 2855
9786 1675
6599 2623
9472 9243
9719 9207
8703 2201
3213 7618
843 2705
9240 1764
6138 1181
9619 9580
69 81
7793 4191
8550 6154
1234 6678
9534 4966
6641 4870
3845 5672
4915 9592
5151 3317
5519 986
8604 3854
2912 5084
6848 5799
6980 2152
8084 9338
507 6600
7143 3776
6282 8300
4979 2045
7012 7516
8738 865
6537 5
5950 2583
2253 7804
5142 1101
1308 7772
9208 3747
9546 4220
2724 6056
5394 2879
5831 7160
936 5901
553 9326
1371 3570
1086 1884
2749 4735
4741 6176
5112 9286
3442 691
8144 7365
1489 8585
2332 5804
6376 697
6753 8230
7461 9100
6261 8499
752 3292
2618 3549
7120 1305
3190 342
5077 4558
735 2291
1578 6170
3213 5847
3212 1372
9957 1358
7162 1053
1750 8641
3224 3539
8991 4855
3354 685
330 1604
1506 4106
1763 9300
9642 8626
9536 1305
3597 4720
890 271
2470 1527
2899 4104
1814 2034
3087 2857
7850 5328
8867 4837
9692 1074
1760 4211
2167 9398
9856 8442
7742 3673
8651 1620
2925 7385
8457 8188
74 88
4401 9347
9803 7282
9316 3653
2862 1617
6946 2404
3593 712
1787 2165
2728 9638
5388 9899
4693 4896
8569 5245
6865 2435
9820 7221
5409 6142
9017 8277
3977 220
3854 9770
3423 3780
1750 3171
1927 2637
3350 5048
7213 1872
7862 1489
7740 6294
1190 3251
8496 2433
4868 9759
3332 1713
7855 1041
5670 5093
1666 3224
2995 5999
9780 5520
5043 2770
1760 7882
2930 6970
5195 5110
2951 6495
2789 3057
6308 691
9476 3979
91 1156
2869 696
8089 9775
4869 7077
301 3760
9759 2887
8407 9648
8771 5891
125 3451
6773 531
5641 3055
5903 1968
1378 4944
1987 8692
9024 7686
5195 1463
8511 5467
5242 4416
1493 6601
6713 6463
9350 1795
7795 2824
5068 7758
7561 6566
7097 5193
4601 4334
2655 9090
4034 504
5548 4033
8071 6021
3836 924
6391 3266
7683 2348
5301 7986
4449 9176
7323 2014
4838 152
7910 5119
8037 6258
1452 1823
6157 5135
4225 2405
9261 8812
2845 4612
6985 1161
2086 917
535 822
29 96
9167 8218
3747 4823
3189 9969
121 7422
8893 4379
638 4383
6206 6931
2066 8442
847 8715
7528 2643
3607 108
1269 6725
3994 593
7767 9707
4537 4530
9100 7289
8464 3704
3673 9199
6622 8005
2384 146
4529 5515
8798 9374
7816 735
5803 864
9860 8663
8771 9683
6408 3467
412 6393
6100 6755
1285 8179
1820 637
694 6737
5937 6636
4641 719
866 2559
4426 7026
6400 1747
8835 3225
441 4217
9232 4638
4321 6653
6473 4356
749 7081
3836 6885
5065 6849
3839 1473
8211 3237
9874 885
1604 4148
3059 4515
7893 8822
570 3837
3414 4294
4863 9405
395 208
6861 447
4803 4716
1797 3334
6572 5552
2402 5634
7107 1637
1226 2593
3478 1670
5818 1100
5616 5082
257 5229
5419 3509
4155 827
6584 8833
9041 5370
5818 6979
8047 5903
5589 621
2526 9844
1830 2161
150 1280
3873 5290
6960 1377
2477 3703
8785 9131
712 4445
4307 5394
6221 6131
4965 8462
185 9157
6136 4006
6261 6003
2976 4183
380 8203
364 1854
3134 8562
3852 6867
8244 3359
7062 7165
2648 7073
1519 2200
60 90
5844 2178
640 3816
9325 809
1167 7177
9532 5462
5997 3781
1984 2509
715 2729
1292 8700
5567 3850
7209 1496
8661 163
7237 4272
6472 7661
1022 5108
7286 4066
4234 6866
4027 4278
1456 3560
5374 1546
5327 988
9849 7723
6805 3663
2364 565
4415 8097
5945 7931
8095 7976
2248 4607
2268 1684
6792 5072
5491 9642
2860 430
4708 6077
5989 3239
4786 6164
3505 7715
5439 6465
129 3354
271 2244
6693 8845
6776 1038
9015 2638
3597 1223
9259 7615
2688 2218
8212 6051
2833 4531
608 1073
664 7542
58 6598
4313 5450
8268 3563
3270 6104
4700 8397
7242 3541
4580 1393
384 370
7946 9947
7562 333
2551 7205
9609 6602
1133 764
8189 2442
9984 8094
4692 5205
656 6395
9958 5357
1462 8924
3673 9580
3122 6162
3908 7267
7637 4054
4001 644
977 1935
9141 7915
4518 3529
645 8750
7544 2003
97 5186
391 7529
3924 1141
6499 7399
2675 234
9815 7961
475 6348
9967 9289
9695 735
1379 7605
5892 48
4315 2357
33 80
135 8833
7189 9235
773 7680
1561 3638
4780 1164
4916 1837
8423 7631
1944 7591
292 4590
231 2419
3155 259
4216 9926
6326 886
3243 109
1494 642
5827 5481
1068 7982
2014 3016
3007 1841
3006 3575
1764 7787
1770 4274
8217 187
4778 3714
2485 8509
5121 5009
1288 1992
2879 5689
5798 3966
4608 2474
4308 3645
7979 436
9804 5376
7218 9993
9920 2811
6950 6576
850 1684
8223 5072
8786 9067
3929 9353
4363 7624
5968 5402
1091 2003
5969 8847
1322 3242
6887 6930
3718 5630
7358 4866
1211 9874
9038 4576
1152 1131
9167 2340
7413 8354
3774 7390
6744 2551
175 7703
3105 7459
5814 6144
1343 548
3790 8135
5065 9017
999 7029
1895 8783
8658 8358
9286 9458
589 4048
6388 439
5145 6108
3499 3801
6353 8919
2974 6595
406 2880
5376 2431
2980 6220
4355 3072
2089 6770
3800 5773
908 9441
4151 2047
1506 9566
37 68
228 8447
4556 6355
156 5374
4293 4407
7354 2861
2094 3620
6051 7760
332 7470
6894 5383
2154 1039
6812 8984
4777 2306
705 7721
3639 8928
8717 2211
7011 3606
9961 8946
672 7919
8678 117
2979 1317
4937 6032
144 5073
8895 989
2724 476
1515 5790
1126 4878
3536 4680
2401 2255
1183 4242
2805 6040
9646 6252
5198 9816
4087 9607
6077 5870
7188 2765
5149 5408
6833 8477
5818 5293
2121 2080
7870 8543
3421 9989
4669 5348
7603 3310
7552 3422
9462 5138
1391 6709
2878 5461
1420 2941
5164 6965
6083 3849
9257 8704
7181 1232
2878 6090
4523 3000
1543 1351
1340 2393
4094 1316
4626 2361
5783 1697
3188 8530
5240 1598
7059 931
3872 8118
1435 4831
8681 9036
4092 3870
5103 7938
381 1274
33 56
5684 4904
3649 2169
3485 3377
5738 7743
5793 4464
2994 7874
9472 8981
9912 4586
9056 2883
7714 136
5525 6844
714 6395
686 9617
7243 2169
6502 7419
2323 1517
3686 8539
1916 2324
6420 3524
7988 4006
1880 2213
7546 982
1921 7704
587 3810
298 977
4173 8302
1049 5823
1793 4888
7057 1735
5506 9036
6906 3560
8451 7829
6506 592
4116 6719
7077 2926
1491 8456
9439 8958
3014 9037
9199 7712
5041 3602
8256 9497
1673 9215
4103 5657
3745 9818
8854 1160
1072 9251
3433 5760
2705 5875
2594 6291
9217 3173
1630 9672
4982 708
6097 7421
5133 7996
7950 1648
1145 174
58 73
4568 9170
8988 9844
7357 8313
3916 7843
9955 4781
657 3701
9992 9012
2186 9603
9275 9209
6269 3816
1237 609
4958 8718
366 2722
9248 9260
8171 7864
7034 4990
1186 2739
7404 2375
6570 8543
9677 7672
1374 2877
1890 6686
6289 1366
6928 4076
4244 1917
2526 9549
8268 1833
4555 3836
3097 4986
2850 155
5145 7620
359 6237
4964 6332
1227 4115
1787 1534
4411 904
7590 9513
7232 6301
6729 232
2149 4160
3709 7325
9158 1027
4864 8329
3316 65
221 4313
1933 2518
5107 1718
8050 8644
9111 71
1605 5630
2886 7250
6764 2369
5022 6829
7061 3996
4508 8104
5429 5562
2941 8217
2899 4588
1005 4157
8470 6215
8733 1226
2945 6755
1751 3841
264 7347
9329 862
8113 1870
591 2216
5397 1229
1577 5613
69 2458
4372 6085
654 5499
6439 7313
53 69
9768 7444
5023 6293
3049 4854
5047 4320
1667 1152
2015 5311
3533 7349
5917 6480
4061 4124
6090 1314
124 5638
1723 2511
8010 4496
1809 2377
5931 4449
8246 9632
5926 2051
3257 3269
7589 5327
6479 8304
9968 5608
2957 4846
7678 3501
3978 8874
6540 1739
3729 6420
8931 6664
1160 5452
4182 3294
7743 9322
8954 6465
8516 2341
5610 4880
6559 1774
6430 9551
5160 3039
7885 6398
6252 4469
9696 1916
3655 6582
3002 6236
9253 7385
9189 8285
1579 6765
6087 3371
9836 5675
8016 1394
2626 4705
2831 9979
9530 9186
2225 5613
2012 1042
1864 6462
8378 4616
1198 1560
4148 8386
2123 552
5189 3401
167 1312
1036 6769
2444 2606
4000 7224
1929 6812
6791 2979
2165 4760
374 2674
3716 742
3556 8738
9706 5580
87 94
3025 7256
4160 7641
7394 5148
2812 9349
6118 3913
6520 3848
1073 4914
1727 6872
9851 9354
467 4870
7544 8368
9110 7193
2283 7613
3193 9019
7306 1989
9245 3038
679 331
1831 9757
9106 8073
8339 4643
4844 5225
6491 4859
1731 2269
1623 4570
9441 7935
6303 2090
9283 3337
950 1766
785 1566
9907 496
3534 4443
4774 5504
5261 565
4990 6605
7600 4368
5945 3329
4540 2444
4713 8788
3359 6272
559 2689
4779 9152
2489 3214
4980 415
8333 9792
6640 2117
6560 4593
97 6526
7091 7686
643 5359
6079 8433
1763 8244
7040 8376
7164 6303
8927 8106
795 523
9675 9486
9053 1926
8693 8517
4661 4033
6151 7027
7972 1301
7827 9063
6750 8069
9780 1270
9703 7393
1989 2211
587 7818
4122 5382
3488 7752
4627 9401
5240 4283
6209 655
9172 4293
8326 1255
4634 185
1486 829
6245 2606
7027 5665
3287 2995
6740 6808
5371 2990
809 5082
464 5959
3711 1283
684 3952
4587 4690
5345 5924
6569 7148
8403 869
1054 4896
2077 3037
5643 8892
909 8322
7669 9023
96 98
3539 4410
5844 1202
3513 4348
1983 6308
6612 3576
8267 9019
4944 7551
1051 3612
4482 1513
2761 9455
8844 1888
781 1191
9513 840
9863 1690
2239 7183
7945 2046
9600 5778
6478 141
6449 3114
6690 8461
7480 9413
3316 1309
4922 8776
6642 4367
174 5756
7644 5755
6946 9019
9859 4777
6468 6460
9995 6074
8120 8707
837 4292
4433 7720
7186 7315
2128 7234
2999 3877
1538 9608
4737 6315
7034 2812
8568 1379
7134 7209
6228 2565
7342 4081
6893 2439
8513 162
5221 3240
3884 6633
705 6058
9725 4669
8255 7892
8121 1853
7814 1254
3921 9659
2472 2551
282 955
8164 7392
6309 7416
7849 4392
3183 4
166 1094
686 1696
4681 1740
4150 922
5591 5387
3279 3876
5729 3846
1452 7752
7411 3543
2446 5373
6329 6235
9980 2728
6497 845
1590 2641
2645 4346
1793 4773
6470 9164
904 8831
9754 1151
6538 5054
5282 5345
5544 6169
3921 7364
907 6996
8722 7685
272 9706
2434 1403
2248 6604
9246 8931
9630 3838
8612 1891
1055 7775
6606 1434
2585 8311
9718 6360
8058 5476
1645 5000
2364 9954
3302 1919
24 64
5682 2024
9779 2580
9185 8116
3400 2028
2218 8431
322 9382
7157 7182
8616 7730
6041 115
2828 1202
3030 5759
7112 7238
7192 4675
2946 5828
1804 494
8871 5254
7835 7486
1955 8650
7030 7020
5451 5355
4737 5601
2783 2125
9855 8246
8361 1400
8954 2249
4360 1189
8427 1984
3011 1472
3653 1971
8818 5958
1212 1809
9296 4041
9043 5399
2419 7603
2958 6074
1675 4222
6348 4047
8645 810
2210 6203
4804 3358
4548 1164
3148 9165
6989 9327
7651 2512
8470 6994
8804 6469
510 6034
1434 4452
2055 9553
1979 205
4428 1365
1764 6
817 776
3331 409
3767 9379
544 8136
3653 4667
347 44
2556 642
7637 7998
819 7378
9765 2793
7245 1329
7234 7551
1 58
665 9214
5572 8536
9312 8781
9190 6389
5769 8996
3484 9309
329 2665
9061 7137
4131 676
5026 7970
1700 8120
913 5845
3526 7817
5368 4510
3810 760
6326 9477
8013 827
5960 1899
4640 3678
2674 5150
812 6761
5778 6158
9647 1141
8169 1192
5514 3778
8251 9547
1744 7214
5032 5516
27 5270
2382 6752
6229 189
7369 5061
3312 595
4273 3329
8480 7952
1066 3299
9457 5644
3137 3196
4388 5456
5586 7658
7205 9902
3469 3837
5706 8949
571 4853
1605 5733
5922 9305
4366 4187
4782 3291
6621 4030
8335 9055
8706 1453
3449 9401
8949 4515
9971 6586
4244 3338
9592 1909
5747 7801
3102 9413
5 48
3538 25
9330 2224
6411 5812
5456 49
4079 7545
2952 8429
6234 2414
8167 1658
6173 9683
2621 7117
6807 2496
4405 3217
1018 6399
2165 6504
4309 472
497 2783
5007 7847
12 6179
6228 7770
1667 5468
3897 6660
9074 4619
2629 131
6166 7242
711 8802
1298 8787
2004 7518
269 5704
2208 9374
9846 2434
5218 6518
717 6695
2874 6577
700 7081
2549 9103
2115 8719
3339 2798
9281 1189
4783 2320
1123 5447
586 5494
9364 8773
829 8942
8316 9634
2068 9390
2260 4514
1209 3638
6568 2977
84 87
9539 7268
5987 8960
1759 1654
9195 5678
7999 7392
9192 331
2177 5474
4247 9778
5073 1542
1176 1429
819 3389
4256 3244
3235 3079
2408 5465
5901 9803
3423 8819
7780 1792
3446 5762
7793 5891
9635 8994
9325 5792
7618 8827
4958 7854
9396 8217
9646 31
9772 572
169 6817
9896 4028
5846 3404
9559 8657
7476 1747
3540 9334
5096 1608
3851 3338
8684 2889
5033 3487
8666 4361
2216 2651
7221 3624
7 1612
8537 6867
3685 9780
160 8706
8462 9933
8590 6006
4106 4373
3707 2419
4027 3998
3688 8803
8045 4231
4070 2373
6734 9430
8434 2736
2713 5302
6915 5655
8874 2720
8852 5452
510 8911
8845 5365
1371 8972
3345 3787
6206 1829
5827 3404
2207 6586
7169 9516
1889 6604
6035 1239
327 4975
278 821
6476 3040
2113 3545
5349 5350
614 7317
2682 5859
1183 9459
3246 406
2235 880
4284 5805
8743 8063
3931 2843
9448 5912
7151 2172
3499 1835
2656 7478
6871 3777
3674 5484
7186 5336
23 73
4882 7800
7259 5336
2094 2417
3297 6858
9015 4329
8744 3933
6777 7758
3670 2675
1199 2577
4412 7173
4651 4699
4828 3420
8904 7874
3210 8503
7526 2442
243 2216
3904 8761
7530 3854
7064 5998
327 828
4761 6079
3837 9072
8099 7890
467 3859
1032 9299
350 4879
4651 2036
9910 5178
3681 9907
2350 9473
1689 7560
2673 8945
2799 1945
7943 203
7383 9864
2295 8270
3694 2145
35 6133
6344 8146
3797 503
1734 7377
9413 4147
5677 2738
2645 5675
5148 9359
3271 1347
292 3189
5134 5944
6147 3092
9308 3077
7700 9883
2028 1603
4088 7746
5892 8415
5270 433
7810 6041
188 3357
6095 3575
9250 2218
7929 8740
6440 751
292 1200
3496 6732
6176 5427
4856 5995
5878 5484
3440 8908
6655 4258
2674 3880
4313 8899
4941 4296
7653 8475
8402 1481
48 97
8841 4005
4756 1628
9180 1633
8365 1400
3179 2676
8672 4542
6378 8036
3296 902
5161 6170
51 6303
5203 7835
2131 716
5544 6496
7977 6137
6237 3946
4303 8029
9657 1430
3063 9059
6812 5190
7866 1429
2323 9991
8027 2890
3793 5053
1224 7676
3979 8954
3141 7627
8343 9182
5678 1624
4113 239
538 8
8037 351
1781 4841
253 4046
9236 4845
6274 7065
7056 3455
2697 4949
2 5084
9112 6490
1796 1226
8853 3091
2274 1289
9266 3549
3788 4304
4312 3379
3730 4326
9168 8701
2748 5512
6709 9421
6486 8336
8143 9335
4284 9894
1330 841
7331 4286
1865 442
3534 5480
6769 7070
619 2160
6464 2387
5767 760
5086 7129
2182 9497
1361 606
6379 1282
9619 8070
7405 9217
9112 7762
8603 1689
2328 442
7237 2287
4119 4193
1263 771
9283 7240
9628 8235
8995 2099
9228 5395
1244 433
7392 7763
9045 2606
676 123
5693 8664
2779 4434
2475 4805
1599 7734
21 4803
5348 8836
5959 492
7733 2964
1199 5242
7342 7361
9108 6546
3331 2922
685 352
2958 7075
7199 9731
4747 9987
4421 2892
78 96
1613 3248
8052 2000
7189 7986
8479 3400
6364 3148
4743 2564
9925 3915
461 8437
7711 9033
5737 145
7220 8397
4480 8696
5035 4419
3663 5579
5810 5808
9056 7712
6065 7423
1761 3460
3213 3254
2754 240
9156 9577
9845 3849
2286 9081
4466 6658
6803 9998
4747 204
5252 4024
4795 5579
7510 287
6095 8459
2523 3320
743 1503
4964 8588
8194 8857
9097 8177
4106 949
4798 8254
3687 3951
6962 3437
3435 4506
1062 3765
4141 4534
113 6314
2953 5289
100 7623
7296 5400
6903 2623
7564 8039
6896 8219
6396 5758
3059 2346
6952 6855
7158 7858
7647 6991
7849 4120
7886 1082
1968 8911
1577 8379
3668 2081
6056 882
6282 120
2744 3352
7744 9538
7757 6660
8770 992
9690 506
7361 1830
6040 2994
9986 4519
4992 3687
1121 4187
3099 9230
7609 3089
1522 1028
1911 7630
7750 3930
3635 8193
4083 6846
9858 7731
8723 1841
8699 8629
6811 4766
7760 2412
3283 2851
2890 4098
8286 8275
7505 4011
3452 1385
2413 1467
9097 4974
5256 676
8870 3199
46 8891
6622 2953
1146 6256
4885 1698
45 70
8609 1696
899 576
4675 1893
168 3789
4152 2961
698 7674
9141 7604
8930 9463
140 4590
7789 4187
9430 5362
8315 4187
444 2405
455 5814
2011 1681
9730 3271
3847 621
2514 629
4419 8522
7835 9034
3060 8571
2528 4885
4349 8553
9495 7810
8349 841
6203 7285
7824 7780
6537 870
3036 4620
6302 6992
6615 5048
2021 6032
3013 462
5337 4535
9921 7432
2356 9524
4410 2982
7887 1236
9046 5111
5952 7383
1020 7396
1528 8507
9377 8844
9817 8065
1409 8766
3814 2471
8503 8024
4838 5835
6722 7868
1653 6527
6052 6643
5977 4009
1597 462
5573 3865
7600 643
4391 7877
6384 8620
3816 5919
336 2113
879 3633
6104 8097
2473 1045
6880 959
8828 7312
3839 9954
2950 481
842 9891
6705 5279
9144 2439
9434 8630
96 99
1716 3826
6097 9243
1357 5533
9166 6434
883 8588
9634 1623
2582 3357
669 2866
2821 1410
8243 860
7104 2123
7402 9085
7876 3809
2440 2899
5995 3663
3841 5299
4543 7712
9597 9938
2724 2252
840 8763
386 3608
6965 6826
9693 9321
7083 3986
1198 8866
989 5327
764 8302
8464 4743
7642 4993
8656 7256
2555 3638
7702 2497
8787 3450
5702 7299
2414 1512
5120 6543
9721 9153
8474 8437
8775 9414
4632 5557
884 9973
8276 5621
365 8001
2994 3092
348 4359
4349 8002
499 2903
2706 2051
5702 5638
7150 8408
1303 8117
3622 8622
3411 1025
439 2096
7653 2186
2160 1424
7045 4890
9243 6788
9880 3762
4474 2237
239 228
9483 8823
7227 7090
2728 2189
598 2929
7398 6231
4853 8253
9278 1020
9468 8265
451 6070
7494 7122
8364 8963
5751 891
1006 7607
6196 5631
2211 5480
655 2787
9877 1695
3884 7882
7164 8957
1540 834
9088 4562
1935 6394
1011 4718
788 1403
4877 7814
3130 4634
5526 3241
7200 8881
865 2884
4716 3396
6183 3076
4771 5371
3254 2412
7722 5008
2194 418
1332 9262
2008 7634
2353 3267
71 73
3538 9493
4128 9548
9142 6668
5549 6006
8890 6342
9739 6414
5843 3606
8977 2274
1039 614
1974 8583
9001 8761
4375 4169
1803 6686
9953 6384
2107 4156
3650 976
6877 5645
2313 4130
136 6019
8713 4215
6981 9026
2632 4804
3431 2824
9791 7961
6545 4470
3231 1765
2286 1898
8584 3958
6694 4090
4598 4890
2218 8802
4447 4600
8730 9095
1466 3113
3680 8866
7892 6532
1336 7013
6190 6876
4838 4767
9237 5981
4098 1383
3281 8820
9131 2737
6827 8218
9460 5825
4627 7777
2378 1678
7126 5427
4892 1108
9975 4944
1476 4924
1937 4219
1096 9165
3932 8127
460 5934
3669 9522
4694 911
3648 3302
1520 177
6003 6827
4604 980
9011 6982
8761 6982
4443 6137
1081 3653
8577 770
4989 8910
8075 6867
1346 2437
4723 8359
7881 1807
9070 8392
8047 8928
18 59
5897 9567
6900 1460
8443 501
3836 2263
8400 7204
7210 4631
5401 5833
4743 2139
5358 6742
9180 9170
7530 6705
4864 3903
8648 5411
691 3934
3004 6695
2614 6149
7609 8901
5754 5866
8129 2404
9609 9590
4221 2881
5067 3171
5310 5974
2717 6162
5333 669
7374 1897
2152 2863
4626 8590
2524 800
3847 1670
7819 1880
781 2814
8680 5428
7833 6535
2478 3162
2395 3794
6965 3051
9026 7462
3625 8627
5648 1743
9992 5310
8173 9374
7964 2144
9297 2799
4469 6840
8720 9496
2310 8640
421 5853
8741 991
505 4606
8400 1219
4270 2900
363 1717
6696 3296
1391 340
5650 2345
1719 1383
9880 3823
2974 6036
77 98
8673 3796
8788 7949
3802 7336
4679 9209
3815 2543
114 5184
8084 8567
284 737
385 4799
5139 3333
5678 1777
3160 7141
7316 3749
9785 3040
8569 6643
439 2662
611 3595
931 5579
4789 765
3309 1962
7146 8604
7172 9775
512 1582
6382 3808
7141 898
9027 7873
5015 9171
2921 8539
7932 8683
5326 2706
1720 2853
6448 2117
7697 2331
9449 3731
5693 2486
7442 9110
8885 9191
774 966
1127 5750
3000 3508
1381 4620
3792 2027
566 2748
1432 6713
5771 4850
7704 6758
8876 7492
6175 504
4236 2925
5411 5624
4734 6281
1825 9205
172 3620
5722 2599
6107 1299
5919 8722
749 3840
6589 9711
2776 7667
8870 8021
1131 8548
2392 6574
7078 6359
9284 8567
4192 7666
300 1047
253 5278
8898 2125
1076 425
8076 4620
9694 7183
1023 3995
59 443
4463 3964
8337 9187
7735 3333
6259 9469
2180 127
5047 3337
7356 1465
8864 9239
869 7656
6133 9117
5894 6120
740 7209
744 3970
4318 6787
3582 8119
2084 4377
9916 8045
7730 6773
6242 7652
4131 3989
3679 4775
6240 9178
4769 1035
5043 5104
574 1991
76 88
4737 6468
6791 5203
1990 1833
9952 1109
1838 5573
3618 8388
5162 1754
5758 7701
1690 7756
2531 6242
5420 5369
6404 5123
6580 6542
4885 7799
5327 3506
9974 2996
8199 64
8249 3117
4226 190
5763 4554
9294 2416
4171 5733
3434 808
8565 9929
6171 1477
6846 7448
8924 7944
838 9603
7402 5504
9010 5723
5071 2730
9146 5336
8454 3270
3460 3748
8302 9032
1449 5575
1309 7596
8405 1972
8253 1095
2572 3322
7122 777
5073 9419
5374 6046
7902 2263
4338 9128
8210 6912
8601 9409
2679 3709
7457 3407
2439 2492
8067 5759
9707 240
8564 5728
6824 4464
7786 6818
7595 9396
5167 1261
7307 9020
1283 6893
6022 5210
8474 5621
5030 4232
7941 7075
6834 4061
6553 1750
7509 5626
5866 4621
349 3569
8033 4431
7601 3525
9274 2172
3433 1548
568 793
7687 7092
2302 8203
176 61
4293 777
4204 5206
5619 8587
337 1039
6665 2173
3146 4199
4120 8883
9666 9847
9725 2153
677 3619
5167 8999
9792 462
87 99
290 3831
3892 9857
6986 466
2024 4538
3125 7543
8582 7644
6169 9814
365 1599
6834 5667
1866 4485
6639 6501
120 1591
6942 3668
4131 1640
3727 6735
6918 8038
4247 370
836 811
1701 1234
8777 9213
3209 4826
992 3711
1662 9378
1397 1358
5843 8496
1349 3263
1207 8834
2503 1470
9462 8149
1236 2986
1024 3189
3559 8155
5318 5271
2857 748
9961 7019
8197 7986
1697 3170
8900 9189
547 9711
4560 297
9912 2743
1577 5909
3731 1119
9269 432
3418 3193
6383 505
5012 4442
6066 6294
7042 330
7349 8923
6910 7003
173 5546
1088 4959
4671 9073
5722 7987
730 9231
1492 5635
3106 2308
2740 5224
8417 2375
9233 2511
6953 1152
7447 4245
928 9371
8295 4489
1493 4629
6528 5205
6516 8018
3444 7616
5603 7539
3122 5518
1153 6334
4994 4615
9839 612
9339 4086
6597 4608
5761 8572
9170 3551
9274 3208
7697 6450
1079 7569
9126 5542
9913 7607
1575 5643
9534 3357
8875 7179
9865 2657
7272 6381
3345 4859
8945 3463
4423 2684
7609 1895
1798 184
9744 6779
9581 1072
8642 7442
9336 660
4620 7768
9763 9249
95 98
9726 9298
8307 4186
6919 9591
802 1931
5394 264
2948 6100
7995 6169
6354 557
3688 6145
7217 6098
9892 3269
282 5859
9980 5581
4830 4902
7449 6095
1745 141
4327 7176
3119 52
1983 1246
1510 274
2726 3729
9899 810
7720 7073
3218 6253
8703 1408
1030 435
2647 4948
529 1312
2566 2627
5074 1711
1852 6367
9895 6820
6872 2531
3777 9367
9641 8856
2585 1639
8802 8719
5792 8836
1441 6522
7930 5362
5797 145
1445 8960
6624 4796
7423 1974
37 5542
1910 8850
5670 1890
4421 8157
7524 2542
7750 4551
6190 3517
2236 6688
5524 1344
7866 4380
6094 6966
3463 5797
1109 1892
6688 4908
3234 4086
5980 464
9314 3271
1513 7890
2400 1336
3878 5935
6838 9924
3442 7981
4669 9380
725 2030
2763 193
3511 8591
740 8857
7101 6974
8234 1850
2288 142
6958 1468
4740 8268
2511 2624
3960 2605
8540 4911
1187 4190
2171 5378
4759 981
9364 3192
3386 5484
427 2127
7336 6897
224 1168
9370 4438
932 8458
9927 1658
6278 7890
6866 1019
3624 5141
52 826
1368 8517
247 7592
8573 3540
6732 1358
37 64
6416 6470
9720 3622
4790 3753
4543 9944
4754 512
8522 5475
9717 1033
2052 4800
9942 6583
3761 2029
6898 6346
3938 5129
5021 7145
4856 2512
6801 8106
4576 8050
1672 3218
6971 648
592 2814
3326 7866
9693 5347
6380 1848
3001 9410
2345 4785
3166 9295
5641 6106
7587 6416
9913 5932
4796 2609
715 4769
2820 1597
4815 1643
2292 844
11 8138
2356 9236
935 3337
1538 2049
1459 7316
8453 891
186 156
6262 7971
4387 2179
8111 3850
2811 4300
9070 2907
4505 3526
1521 8242
9086 5672
163 3813
3050 9097
8787 2519
4569 3985
7653 6677
3920 2380
2537 2458
429 4106
6285 5151
5353 4816
5469 4397
3656 8164
8042 4539
2781 8161
186 9564
9729 8219
49 51
9220 9131
9469 8808
1837 141
8874 7122
5933 5757
9863 1411
2914 6362
7531 2500
6897 8268
2784 3000
7539 554
5067 827
6743 6672
1243 1605
8306 6472
5604 4912
72 7527
4020 5073
8547 1909
4018 2894
657 4480
843 3881
6382 3572
8192 4726
7726 9631
6537 976
1803 1617
4641 7957
9562 4898
1371 5884
7149 4221
8100 3327
8400 7221
5483 2120
5015 3299
7780 9501
9735 2024
5596 4975
9701 2469
8452 3788
1117 3779
5396 1342
9299 9272
4171 6389
2273 5213
9434 5542
5221 5774
9348 3886
6007 9973
3272 1183
684 7374
4 48
2379 6771
9240 1347
1487 8432
8563 7693
5387 2604
1877 311
6700 4686
6251 6048
7942 5326
1100 2038
5924 3163
3136 6800
7983 8283
5657 2760
165 8668
1791 5056
6403 8896
3681 1032
5077 7890
6847 2244
2556 464
1502 8724
1124 5608
934 4105
2495 9066
8581 8387
5187 8420
6703 1717
4477 3171
8191 8713
3769 994
9891 6334
7366 6524
766 3572
2168 8795
5611 7613
2689 1076
6685 3465
3923 3813
9231 3971
2358 6418
1190 7812
5881 3898
3421 4246
2959 359
7705 7964
4298 3080
9604 7596
17 82
3164 6722
688 9689
765 8776
8593 3377
3543 7450
7774 2516
8935 2774
587 132
382 125
723 6468
3179 155
8119 3682
6762 885
8481 2418
6787 2718
5793 6002
2043 9951
5079 6481
6210 2808
6611 3673
6189 9753
2528 4385
869 1476
7954 9467
5935 1252
1407 8677
8712 5467
6352 5879
4649 5474
4545 1185
3539 1436
7739 338
6819 1934
4743 2819
2844 9381
9135 1354
2091 9033
6862 1663
7482 2960
564 1168
6197 3417
5236 8324
4203 4909
384 7940
5478 5204
2992 4929
1619 5369
7304 731
9902 8438
4171 2047
9753 2746
8132 3306
1321 1844
4804 4994
2514 8803
8573 1721
45 8711
3621 3809
8102 600
2156 357
5286 3580
8949 5148
2231 3257
8047 6253
4652 2134
4880 2218
5525 4405
6249 3012
4358 6846
2002 7406
5479 6872
1936 575
736 1876
2476 5557
5914 8838
2418 984
6132 7552
809 7720
3973 8363
497 8856
7426 8626
9383 1730
51 94
6150 5633
9391 5453
8677 8152
5079 1222
3098 613
6170 2167
1006 1926
2910 8436
5988 9776
7496 9042
3757 3149
8357 7822
2800 4255
2337 5784
5087 2183
4168 3431
8884 1237
5741 3559
1133 7562
8175 820
2988 4231
6157 698
9134 346
6474 9067
4461 1475
976 3971
8145 8219
8826 5686
7822 945
3128 1163
4594 2909
4147 7297
7208 9831
7393 6240
3413 8342
8925 1920
8970 2753
3099 5083
502 4457
2284 9573
9896 4964
9535 9612
5298 8041
8986 8361
5876 3120
6030 8467
2116 6822
6653 6529
2769 9324
4018 398
8671 2534
5287 2944
8027 7641
8450 8386
4312 4881
9845 734
347 4208
8602 9380
4093 1997
5118 3940
2407 9969
6792 7500
381 4523
200 9797
196 9502
2037 4218
3514 8867
2860 7324
2063 7893
2775 1311
2045 6375
6935 2620
8353 8744
742 5537
9478 2446
8768 2212
6064 1885
2761 5560
5357 6445
5947 2961
3531 5553
772 4336
1661 7046
4939 3633
1296 3724
6451 7714
6687 9693
8438 3386
8924 1392
3838 5532
4096 8402
6639 2606
4518 160
2957 9400
28 39
8133 8904
9593 5893
9291 8906
8891 1254
1330 4230
8297 187
6232 4133
7519 1336
2728 4670
6554 2795
7549 2918
1877 650
7162 4189
9941 2747
8975 119
5376 8655
900 7109
2367 4969
2575 191
773 1258
7797 257
4390 5422
6758 4029
5052 8261
1057 5838
5109 1606
8609 8606
9147 3338
6085 2123
2243 9089
7744 5061
8522 7619
2588 8644
5187 889
8499 1515
1772 5960
1383 6296
6677 6162
4423 4493
29 74
9688 1832
439 1793
5131 4649
6772 5938
5027 7568
2629 9015
2986 9123
4119 7503
8392 1926
3441 9306
1619 6891
9539 5213
7727 3002
7495 6217
4298 2151
3983 4179
5972 3986
8635 774
6713 7455
5024 1760
775 8092
3568 4005
1509 114
2040 4039
9698 6253
9497 1834
7047 1317
671 9036
1605 1127
3278 4518
8698 5904
6242 3613
740 1022
8478 4878
2990 3805
8249 9854
3859 3765
231 8169
2209 1720
7974 2272
4106 8259
9576 3823
2859 7505
8632 6599
1117 817
3073 8262
8228 6167
7190 9315
545 5320
9125 2020
8226 3535
3653 3726
1896 2085
158 3884
6156 457
8716 4484
8307 6614
472 4644
1243 7518
8335 5456
71 2360
4880 1408
724 4651
9971 2070
442 1269
1157 5448
9174 8668
7105 4810
8694 7422
7879 7263
1747 1203
4169 6595
7591 6406
3925 4641
34 37
7547 2260
21 6521
7524 2427
849 7097
4718 7495
9295 1291
6311 5875
685 8469
5892 3416
7032 9380
6935 123
3071 5131
1538 1104
2098 662
9497 5463
4075 8548
1421 7044
5823 448
7545 5297
2792 6672
7963 2264
8139 2087
6908 626
4042 5177
909 9152
5628 7426
2558 7844
5300 8699
9361 448
2263 7398
2298 5210
8606 2690
3139 71
5368 4429
1101 684
2948 8160
6599 5416
40 43
8969 9860
9012 6437
215 9878
4074 4640
9691 9125
9573 9374
3125 9053
615 1836
4527 5423
5495 9222
3 4018
4702 863
5376 7457
9225 4003
7795 8327
8187 1620
8057 6764
2994 3552
4544 4624
3750 7068
2794 4236
9641 9675
1512 5919
1343 256
9478 2391
6409 3190
4053 5834
3291 7463
1466 5781
4109 2516
4136 5613
2377 2296
5848 8545
3170 5371
8791 6745
981 3272
2947 1586
3857 622
7230 811
9554 1552
4742 3061
8895 5963
9779 8796
86 99
4702 1245
3211 5038
7335 5191
3736 5588
7312 9535
2632 3258
6530 2455
393 3613
587 9478
289 4251
5803 7818
879 9844
2159 546
5694 9774
8312 1938
9536 6623
1662 9366
4557 2747
4687 5349
1236 8294
1552 1999
807 3869
3834 4435
3913 1200
1803 4422
2240 554
398 7607
4505 9471
5597 8910
848 6551
3174 3909
3275 6736
5835 1188
2889 4185
2479 523
8874 4126
7995 383
4818 9681
882 8181
2603 5083
5638 2685
6644 1195
666 6036
1298 7501
4052 6263
6524 2147
5235 7227
4767 6152
337 1071
1594 7657
1783 9168
9551 6820
6502 6130
4311 722
5805 3736
2773 3267
4462 1443
3832 9418
6919 1481
4096 5130
3629 7324
903 621
6773 8865
9936 5670
9679 3462
2630 7882
4702 7814
296 2181
9255 7556
1292 960
4227 5061
6504 4066
9836 8689
6522 6688
1819 3107
431 619
1240 5448
665 1334
3357 4365
7827 6953
4835 3036
851 457
8990 5890
9798 1147
2107 8246
9659 1091
1509 2686
7728 2515
9204 7697
804 4250
4869 1023
2823 7588
5274 2461
3178 3489
6794 8631
8020 1005
7814 7982
3872 8871
6370 3157
70 91
1113 4830
7516 7414
9929 8974
6671 5244
9495 9133
6508 3828
1416 716
3178 5684
5525 6690
1674 6356
3714 2319
301 9694
4917 7880
7389 525
4196 1287
2469 5144
8910 1661
636 9986
5230 8840
4325 3659
7487 1077
1794 7186
2870 8903
1946 1324
7680 8395
7066 3620
9666 7746
1979 7368
7893 4583
2222 9368
865 8441
103 4692
1030 9775
4967 7091
7102 6260
3690 9293
2831 4590
9845 5484
6808 2053
6800 8143
8115 840
4939 3866
1234 7781
8716 6918
2638 9128
7569 7291
8335 3503
3279 4024
7467 9365
1977 8246
3891 4570
5512 5667
7503 6722
8775 1709
9853 663
7856 5575
9442 4320
8454 2795
6065 7028
6156 7170
813 8703
2207 78
454 9148
8513 5486
84 4274
5196 6843
2510 3976
698 7060
8769 14
7029 5826
1401 4974
9295 4885
7680 7195
4224 7749
1271 97
8801 6732
3162 2085
7585 1008
2846 9969
4243 2451
9294 2930
6906 9439
6499 1804
8170 3957
6135 1620
6595 1552
6437 7536
1084 2242
6343 470
567 1660
8392 3966
68 95
6728 7907
7876 9989
2440 5926
8857 2119
7910 8086
6242 2115
2424 761
2381 4413
2317 8559
2448 5328
3922 8754
5576 3532
1544 265
584 6144
1864 6288
4195 2987
2976 8593
871 8423
6894 1768
9854 9728
8196 4804
1917 6097
6862 6972
5532 651
2331 9179
4285 7980
7864 6254
2871 9862
2358 5760
2048 3455
6443 4222
9167 2596
1019 5771
7540 39
6119 7914
9070 3746
6195 4315
1288 988
7991 9409
4940 3172
7504 322
6576 9226
5440 1720
7480 9448
2903 7798
2020 9528
2124 5698
1470 7540
7579 9496
7410 5362
5460 3698
4366 2832
172 1656
1065 5654
5178 8163
4838 6006
1584 2682
4402 1414
7214 7024
1174 1882
7762 6470
8520 9546
7086 6239
5735 9990
1704 4665
4716 9497
8681 7165
8821 9082
1088 8854
3369 6238
8596 6266
8948 8207
5974 6532
3556 3350
1584 3188
6010 1082
629 5698
1937 4531
873 7715
8733 4024
3521 2578
9743 3449
2531 8555
7409 4916
7506 3619
6237 778
5338 6103
2635 5185
4887 1312
852 2544
3626 2823
8521 6863
7746 607
4675 6811
835 4971
8 89
3209 709
9264 3644
4912 2092
2063 3025
3803 2419
4874 8300
9837 9141
453 7509
6405 4724
3899 7658
4521 6384
6991 8772
5583 8619
3590 8018
1426 6419
3480 7492
1136 987
3079 2744
5769 6049
4820 5142
3442 5924
1418 9694
3555 3279
4355 8223
5881 6313
2697 4606
3379 6754
1725 6040
4059 8962
1733 5316
2808 1837
2825 5213
4309 296
2697 2256
7399 6430
8707 7517
3563 7193
6825 6477
4700 7119
3432 7532
2139 6934
3688 2481
8521 1870
7184 5414
7082 8932
7122 8918
483 6242
6538 9947
8555 1145
3927 5588
3105 5954
9500 2634
9111 6669
140 6325
209 164
7098 3572
6053 8700
570 7138
8904 926
9859 7755
3025 5986
8580 6981
3280 9860
1005 5119
707 8187
4142 4933
3919 164
3185 9994
2671 3031
9547 3325
3249 2880
1581 6645
3783 5654
6581 2151
6258 9040
5026 2792
6125 9283
9144 9959
1430 5757
3944 6501
1434 8489
8653 8086
4432 1706
1089 1839
1516 7103
9984 636
7281 4766
6772 1565
68 7416
53 94
2497 6327
1962 4187
4146 8622
4379 1106
7608 5576
4065 8324
2762 5394
7100 9070
7261 7195
4298 8189
5177 8778
9896 634
2199 8810
2579 6668
6374 8620
4947 5387
9574 8871
7494 6909
4368 3720
5648 1873
6549 8328
74 9713
8784 9312
6507 3527
1716 6045
1175 7157
7792 3246
2056 7423
4092 6343
4963 4635
23 6818
5689 6262
9524 9597
9670 9535
7761 3892
8572 5318
5032 4310
3622 8646
8525 168
2565 6481
9991 6594
9840 3741
1164 7783
478 1896
6532 1608
8426 5442
8056 6555
2504 468
3 7580
7824 2174
3845 7764
8427 6396
1395 5229
5397 8401
4883 9920
6514 4314
8055 1226
5361 6354
4603 5572
3532 5839
7633 1135
4042 1959
8779 5690
9622 6546
5073 8782
2899 7447
195 8918
4147 1326
9727 1590
7863 5896
210 962
2188 729
3436 4618
6542 7549
3389 8039
9174 74
2033 7374
9416 3216
6114 812
5947 9039
6486 1187
6457 8846
6524 6681
4624 6956
9204 6251
7214 2487
9568 5767
385 5754
3304 3004
1043 6927
7001 3045
6771 217
9785 5387
2551 6188
1 51
3439 8498
3696 1713
4746 6249
3205 220
2824 9370
8209 2410
4529 38
2144 7778
7134 4914
8193 5448
4845 8178
4747 5194
6933 1617
7805 4533
6785 9485
4335 9384
7449 224
6473 4384
4604 2195
7918 6031
4793 7428
3818 2479
6609 9322
588 5963
7763 3744
1922 8781
327 2609
578 6669
7554 7261
3098 8383
4119 4339
916 3785
8169 1568
115 3741
9772 9126
6554 8033
6865 917
6591 6725
9040 3474
7218 7179
2312 6803
5764 5492
8514 2640
6253 6342
1077 6068
408 5703
9488 5196
3116 7676
1417 4010
3136 3232
7617 7542
42 52
9119 4482
7957 1403
8582 8159
1315 1527
3372 895
9887 3431
9774 1886
7954 6140
8195 7203
8752 4714
2390 4035
8045 8220
1452 160
7702 1181
3576 9070
3552 2513
3916 2695
7207 7861
5741 8851
9746 8522
1953 9113
7351 5985
8477 8079
1635 5305
6372 6672
707 387
4959 5114
5274 5105
2638 6412
5482 2976
5490 6214
5262 5386
9600 5758
4609 2469
991 5341
806 707
6692 9296
7376 8157
9814 5169
8193 9011
5750 6186
1301 5253
358 709
3473 2927
5904 2996
5563 5307
694 7746
3504 825
3294 6646
1987 8114
5173 637
6285 2793
66 92
3387 3661
9024 7116
3303 1581
6834 1126
8188 956
3883 3544
6540 1661
3321 6139
237 2103
9280 4015
661 94
4560 8926
5915 9000
8145 9733
1599 2201
5862 5447
2563 4987
2920 1239
8717 5866
3174 6106
9650 3257
1271 3410
9549 6190
4646 4592
4959 6139
6233 3926
9205 1972
972 793
526 5120
7321 5469
916 8478
9817 9536
7127 3479
5698 9089
5195 5844
9102 8872
8634 4845
7387 6725
1317 4536
675 2033
2312 6276
4600 6908
4053 7869
2989 1924
7393 931
5761 311
9847 8309
8140 5578
1019 3326
9170 3838
9063 6214
1059 4624
1349 7697
2233 4799
3184 9018
1646 2908
6168 5496
9717 6246
8170 6573
7505 2707
3018 5563
224 9618
1549 9217
2543 8365
2203 2568
8783 8065
9042 7618
5316 6194
993 391
5762 3901
3162 4178
6026 7408
3655 9330
2256 5744
8451 8177
3741 6113
5731 7821
3390 3965
2330 7280
9849 2285
350 886
8504 8632
1178 9392
6136 172
4074 2172
2702 1898
5658 7236
2918 8728
824 9313
7491 5174
1287 5627
3448 7584
71 91
651 3190
5475 232
7470 500
5484 2178
1570 2326
2499 6663
5187 4058
2308 2925
6513 7889
2969 7967
3632 9431
958 3794
9421 1123
5059 8597
1968 9222
2412 2961
9545 8972
5824 4240
6418 7015
9341 1309
4324 4340
8399 8192
1117 9511
3752 7059
5026 7630
3414 6721
515 8659
6134 4372
9321 6289
5511 1194
507 7642
6614 4275
4867 52
7067 2438
3747 7637
1978 2760
953 4423
286 6729
3788 2070
6053 4038
760 5167
3826 9467
191 7627
3916 6312
3858 5864
3506 5779
6407 4365
4417 120
2559 7626
5264 1484
597 2658
3434 7242
323 1550
9972 3720
7759 4111
5630 6025
1844 4871
2498 9456
2121 8387
604 2767
8546 5979
345 4110
583 1305
8932 4762
2599 3142
2152 4196
7790 3196
1098 5586
9307 8113
8576 1070
3448 3418
8289 4207
15 1644
6384 7139
9906 2136
8116 6988
1098 4805
2462 4813
9575 1681
1175 1394
1942 8526
1722 9680
5266 6084
4197 2820
243 925
695 9126
9685 3691
5335 5336
2476 9700
8189 1719
8707 8734
57 81
7470 6158
4191 6002
3748 7045
5572 5367
1399 2043
8127 3646
2819 6665
3943 8677
7803 3062
3105 4638
9975 3840
9892 8440
6512 2451
7537 8081
7090 1571
4081 1077
3431 4560
7958 8273
9992 3531
5574 9882
3528 1391
4408 54
8731 2699
5761 8351
2990 2886
6726 8866
3659 9317
8120 2970
1052 6523
8094 5657
3086 8142
9055 2176
6801 2869
6401 7013
6895 6793
4536 8327
8381 6775
5827 8944
7296 3464
2702 7940
6807 6638
2307 5780
8751 6818
3341 427
2436 6155
4297 7787
9963 5523
8392 9704
6717 3116
9909 1145
5825 9964
3092 4445
9742 558
4023 8919
6859 3390
28 6725
2506 18
3188 8687
9114 1257
7412 2881
669 1550
3425 8061
4118 6984
101 8170
9315 7187
3504 10
808 5140
5699 6596
1867 550
3940 6074
9151 5078
1449 320
9007 8009
5618 4637
7519 4473
2375 9382
7444 8188
5172 2153
323 7914
5101 5273
1636 5990
5 65
1553 8796
5698 9534
5608 3420
8499 9638
6310 1111
9121 6300
937 1669
2494 4739
4122 8456
2996 4869
7022 7918
5832 4521
6146 7345
9688 933
5891 7782
6578 7171
6705 7444
7217 8628
4618 2313
9776 5716
8368 928
8949 8897
3637 9305
4114 1443
6313 4111
2029 3462
7983 9687
3385 4213
5146 4130
8264 3073
244 7389
4834 1195
9823 3301
1966 2051
4119 4442
1722 1742
640 2487
8144 672
8467 629
4740 2258
5721 4780
820 3121
7334 56
538 557
3630 8832
6222 8803
6350 226
3527 7408
5811 2525
6967 1845
3587 9930
8769 5042
5714 4227
1208 6913
5524 4181
5314 2300
5421 1245
7653 2486
3043 9107
7940 8192
3347 3025
9603 514
7922 6049
8574 9482
1327 3733
94 95
6936 4914
5494 8784
5697 9002
9535 3054
5355 1221
8818 4849
3687 7128
6236 2824
1016 3082
6107 4176
1042 715
6764 2062
1544 8964
9049 5338
3584 9223
490 9064
4200 520
9522 5984
5390 6249
3823 9058
259 745
4226 8993
1817 3947
7029 462
990 9185
6252 9489
1551 2032
7348 3016
4707 9448
8671 2749
8165 8291
5164 9161
1497 2365
4966 4686
96 6888
3985 8789
7783 356
655 8211
5025 5952
5138 4036
9877 2367
751 1390
759 1429
7229 8099
7200 1818
109 5900
1414 5365
4082 1625
6312 2911
6151 9049
7838 2760
3116 6489
1052 1973
7926 123
512 6078
8445 3064
806 389
8170 5549
3648 7917
9735 5399
7652 7201
2566 6197
7822 9066
8329 6649
2050 486
3247 4481
970 9888
1862 6363
2839 2022
4452 6140
9204 3351
92 9250
4799 6362
4280 8263
3662 4799
2000 367
6564 7666
6732 919
3920 4387
1225 5062
5895 5970
2210 4472
7188 6865
5239 4072
212 27
9730 6044
1646 5768
8483 9822
8085 6445
7596 9115
9482 8100
5766 5949
6868 2399
3138 8851
265 7140
63 72
8836 6160
3025 5320
5745 6024
2403 4616
660 2309
4430 2133
1955 2306
5103 9265
8380 6393
845 9052
5001 4214
6613 2963
1814 1869
9009 6103
467 2079
4591 8471
143 5655
1679 7616
8585 5888
4550 434
2567 5597
4256 5332
4597 874
3619 9359
4763 2977
3543 4464
3780 9764
7985 6509
2612 5594
4026 3346
1817 3079
5086 8617
2586 8313
553 6765
7199 7523
3120 5103
435 6118
6993 3728
9440 1384
713 6964
1429 4203
3968 4257
766 5209
7155 1953
5300 3378
2810 7533
2503 3469
1782 7896
1014 1441
8964 2336
3791 4565
684 8436
2165 579
1963 4029
993 1605
5808 2677
3286 8774
3983 9776
8082 4052
3782 7491
5024 9734
9555 6592
841 3879
5320 1338
26 1855
6420 4284
9073 169
748 3456
7485 1238
9195 9064
8093 4831
3605 5003
79 90
1783 3941
1432 5566
5300 5565
8510 2808
6688 4855
2545 9351
1206 2008
2645 8923
9093 3978
7435 1718
9308 9841
5257 1272
6103 8503
9858 3350
1081 6061
2 7342
2908 2864
4782 7786
594 4560
5768 3292
8995 7282
5643 8313
3589 6553
531 8288
6358 2682
8875 4318
1943 2018
6873 4133
7483 8046
459 6731
426 8565
7781 461
8247 9686
4247 2563
2207 8842
2476 15
4680 1202
7755 8119
2759 8269
7303 4639
5309 9117
1135 6179
312 7252
1651 8008
1092 4147
9064 2110
2572 1518
1204 6846
5761 7171
2365 1803
8170 7969
9171 4842
9313 2851
7472 3279
4270 2073
1190 4776
7307 9579
6832 8678
6686 7619
1766 4835
6945 4130
5648 831
4029 5869
3041 3205
5008 9790
7759 1758
2952 3179
2382 3283
2914 2266
4339 6206
7334 7184
3115 1881
6911 4641
2260 6299
1134 3598
4080 379
7562 8080
3949 9729
2934 1591
7733 3342
5101 4294
7473 1845
5128 8053
6671 9855
2414 4394
1578 7362
5596 9748
4390 1045
7345 2507
2457 3002
79 95
2911 6538
6267 7295
5238 3213
2907 5553
9847 2972
4817 4360
8766 3673
3528 6297
691 5437
2800 5942
2043 8621
9666 8396
7255 6433
9435 7011
1843 9713
6251 9169
6464 1106
671 2518
4423 8055
1027 3579
7939 4270
7943 2196
4845 6705
8495 7824
118 5536
509 1295
6043 2161
4946 175
3539 3298
3011 734
9903 1734
9192 9262
8132 2719
774 9864
3443 2555
3178 8153
349 7734
4440 7473
5297 5194
7082 2935
582 1768
281 7591
4119 2977
2627 5228
5962 7658
5744 1991
7605 2217
4936 4936
4800 5738
4645 5711
3864 4595
2330 7823
1649 566
2112 6770
6057 3298
5066 9195
3138 2991
5968 5348
6928 7257
1267 4947
6938 2890
1459 7011
1948 4544
6634 6395
8458 3100
7696 1279
5455 2323
9241 26
3148 3456
6754 1353
548 5557
8548 1821
3521 39
7296 868
2167 449
9691 4916
1927 9106
2 1150
3897 227
3328 6636
4267 2356
1031 7376
7402 6074
9530 272
1625 6902
2459 6285
4458 8526
8565 7359
4579 7979
4780 2213
7129 6746
5852 823
1973 9057
5636 2206
8842 2222
64 87
2692 9462
1888 5609
5881 94
3348 1419
4056 7507
6033 5807
9518 8514
2845 4598
6811 4097
7196 7625
8448 293
9350 9400
1607 6773
8995 1338
6655 6801
6263 9926
5535 9347
5794 8152
5923 7769
5276 9142
1302 9979
4845 7661
8611 820
1270 7690
5315 1774
2067 8466
7866 115
6888 7769
9108 9473
2627 2235
2161 5763
1462 8890
3394 4049
1818 7256
6399 9317
5648 3446
1107 7701
4873 493
8183 6070
7844 2495
961 3498
9965 6264
385 5180
1005 6853
9089 9493
1608 3632
2523 7602
1651 3071
327 2269
7939 3469
6915 3078
7131 3587
4081 4374
444 2005
4500 8616
2115 4641
7257 1814
6994 8432
5286 7642
7136 4351
7984 727
8329 5096
4519 6859
9128 6333
9802 1199
4277 7067
7007 3070
7444 1409
9766 1088
9704 4241
5234 618
2432 8171
6604 2491
133 5778
130 8242
5321 3621
5070 4466
1325 3650
6335 9589
788 6805
225 6138
5560 1418
2827 7232
4672 9356
9949 8945
9563 728
5252 5183
96 98
4126 8208
6450 512
485 608
5074 1771
1773 5555
1497 6399
3205 4461
599 2285
55 9782
7014 2511
1867 2882
1827 1686
2414 1817
3352 7743
9739 4018
2226 7379
4243 217
826 8676
6799 4728
6636 2252
8652 4925
9386 8133
6770 8209
7991 6337
8848 6826
6060 1357
3043 7067
5236 4240
1983 1809
5828 8589
2320 8074
8291 8054
3083 2915
7643 5469
7722 6234
7511 631
8764 2726
7287 6897
9586 1887
5065 1630
2987 4786
1854 1125
5365 2382
543 3442
8383 3700
1774 2723
7130 703
3618 6418
1887 213
2799 7614
8245 5961
5039 311
3560 3362
1601 2326
3956 9499
4285 6666
7791 3295
5677 2491
5934 9509
3209 6221
5296 4317
1373 4984
7754 2426
8991 1343
5309 5993
1955 1791
8454 9907
3269 6994
5673 8366
4217 4870
1536 5981
9277 4855
7346 5679
5188 1306
3879 9632
302 8398
9734 9176
1602 8027
5722 7488
3481 594
8737 1032
939 1788
5135 3543
1909 560
1782 808
6789 2479
7334 9670
5349 6066
7373 4680
665 6890
1640 1252
6780 7319
5346 7726
5214 8383
8977 1068
8452 5047
6836 4066
7609 9391
23 69
9131 5870
8349 8085
4107 2272
4691 5683
6716 5809
2699 8416
6020 3733
1052 691
8417 2801
1184 6398
3818 9983
5030 6513
579 2271
8014 8218
6541 4540
410 4318
8755 2024
4297 5112
795 9215
5024 8988
7404 3863
7596 4075
1118 3424
6225 8648
1398 9535
9518 3761
274 1569
3840 900
9119 7205
8097 8206
2524 2012
4037 4860
9972 7632
6847 8334
3674 7119
7335 8223
8650 1078
854 4931
9932 9768
9303 7080
7193 7682
9251 5173
6073 7468
1025 9443
7650 1544
3557 9123
335 6526
510 7594
2280 307
3778 7357
1932 5954
3384 1113
6045 582
350 4238
7670 2329
11 9653
1178 4864
8684 9263
8706 7252
8796 6061
1536 2708
9235 8705
2651 1871
2178 9745
3455 4931
7237 5957
7070 1739
2322 6973
7564 9467
72 92
8678 1586
2802 1808
7423 9856
3460 1486
3900 2481
5190 8609
7314 5436
7308 777
6874 9966
1249 5838
8147 329
8421 8487
1812 1570
1037 743
9767 9376
7315 9186
7346 4797
1006 117
7956 4769
7250 4466
3075 1856
7292 2440
3217 6742
6708 952
6791 92
6773 7957
2796 4938
2860 5194
2289 4609
337 3898
9436 8409
3206 7652
4122 6782
1551 564
1383 2078
3934 5153
7594 810
7552 7578
8531 7163
3607 4260
8570 1674
2964 6733
8279 1366
2327 5825
6075 569
5330 9017
6669 5511
2293 8536
5453 791
9221 196
5349 6836
7646 3155
734 9295
2811 5199
5811 5617
7291 6418
9503 4381
2100 255
6080 7783
8352 4427
3444 2155
4018 3682
8570 6466
3609 6311
2859 4023
7211 2831
2338 4561
208 4858
6409 3072
8689 3019
5790 2220
2954 2332
2588 5293
3076 5054
5833 8668
7176 7780
7814 9278
2096 1194
3858 2737
3112 5705
4888 3069
7630 324
1534 7227
299 4191
7210 7943
6515 5341
4025 9352
4646 9469
875 6613
1634 4074
1855 6709
2339 5162
21 58
8758 4435
140 6566
9636 8223
8547 5029
2256 3618
7809 81
8024 8907
600 1372
724 891
361 4626
7591 1722
5797 7588
4297 9225
4387 4004
6377 6636
7423 7096
3662 5136
3359 7564
8945 9650
3269 8258
8339 7553
2812 7430
8802 2715
3606 3413
4391 5879
7601 319
7908 1982
7560 9750
106 8557
5194 1947
9043 6484
7972 2617
6533 9058
8708 1331
5941 1830
9383 1977
5760 632
3347 2196
1961 914
6793 3305
3625 2704
4686 747
6849 7885
6442 2246
546 6956
3440 7988
6958 5941
4999 1412
9095 9843
1674 60
8389 5036
5668 7409
5957 4149
5064 5367
8672 7918
622 8209
8956 8649
6534 1661
6 64
9114 9329
7317 805
6747 2554
318 627
471 8098
8158 5765
7153 2145
9554 6548
7049 9173
4540 1864
9782 2113
323 9564
8214 6757
8418 5631
7789 1100
429 8677
5835 6903
5809 4099
4726 2582
7032 2479
8244 5197
3694 1543
8091 5397
4570 9601
1465 1492
3606 5462
5027 7599
4356 281
5912 9593
7045 9126
4156 3702
605 3827
4278 9991
8925 2767
5246 9004
554 2309
3852 3491
5240 600
201 8295
9788 9811
1625 8018
5618 9746
27 3004
8949 6326
1805 5939
5993 5995
6174 5961
2304 2951
5718 452
9456 7581
9890 964
4455 6362
6963 3743
2038 9696
5859 3516
7887 8178
7924 3836
6841 3505
6183 7951
243 5790
1785 7988
301 6236
9187 4311
4763 2605
57 64
2222 572
6934 77
172 3029
9077 249
118 8562
3093 4936
8773 8005
7862 1017
5321 1966
7756 4045
8386 1916
4504 5894
205 8687
1293 44
1301 4969
5541 7831
4260 3523
2905 8827
5429 784
9347 1982
3271 1899
9904 2440
9809 8396
362 4118
4515 1482
3398 8118
364 2901
1589 7903
4299 570
1891 9234
3417 5600
5476 3784
8963 7678
8462 8381
6715 4392
6291 4161
2953 9986
8382 2547
6665 2763
4245 8744
3215 1181
434 3996
8251 3579
501 2023
7609 2550
8150 2392
2528 1027
8705 9978
4711 1492
5884 3519
4033 1427
1413 8528
7427 6986
6101 6148
4892 445
7978 347
695 4459
4391 8412
6788 8946
1496 1244
3637 4397
5424 5998
2329 2517
4009 481
40 50
8467 9894
4774 4386
1372 6233
2381 2201
2646 7474
4173 3625
8085 6976
5389 1220
166 8828
72 2177
6574 8014
364 61
2579 8351
8832 2693
9734 6588
2834 9185
3571 4553
786 7608
6162 1296
5122 3167
6793 5160
2137 5647
6867 1230
58 7526
6055 7033
1399 130
192 2629
7332 1763
4457 2771
5711 6165
1702 543
5096 8546
2506 1626
9274 5883
5402 8668
181 4396
43 2195
9777 2318
6196 6910
295 9835
9966 2251
1232 8046
9809 6510
5633 8565
1082 4266
1161 1344
6242 2784
762 6258
8493 8749
3769 36
95 100
2443 3950
2620 827
4089 2220
2056 5168
3771 736
8782 8374
1236 5004
9921 8592
9210 6869
4565 7355
6491 372
2982 7160
5909 7254
3642 1475
5370 6030
9981 4427
1606 7813
34 8953
4122 5696
2784 8442
6816 7893
9249 1567
6511 8052
1273 5522
2877 2073
8797 2190
9350 9369
2975 1779
3254 1611
7642 6617
1044 4977
9142 3975
2928 2651
4699 5528
3970 7050
1296 7483
5402 7138
5190 545
6068 8265
6691 2815
5006 8945
4666 5488
3620 708
2320 7641
4259 3226
8203 9962
3937 1655
658 3698
9226 6865
268 5357
9193 3197
335 7916
8461 947
9213 1878
1045 881
6179 5904
1392 2403
3112 845
4839 1364
4591 5432
1746 5450
7105 2794
6492 5683
8900 4116
9473 2071
5268 5520
3436 5018
5966 1955
185 8250
9131 5179
7435 1231
3634 5310
2508 5179
6544 3098
8530 7347
9149 1135
281 276
2311 6254
370 3126
5197 1212
3084 6196
7566 6817
5124 6521
4771 3532
5063 5310
2893 254
5565 2498
4030 6527
9626 4425
8124 574
8061 4508
1137 7273
3527 4694
7820 3448
1012 250
2798 9369
2538 449
6970 364
249 7663
2973 8093
12 20
4163 2218
5097 264
4689 8193
8767 1075
5584 2813
86 3180
7874 3073
6521 9966
6568 2047
1416 3886
4335 5718
2434 307
7970 7657
5750 2683
7996 7295
9513 449
714 2159
6704 4610
5686 1755
921 1823
22 48
695 7359
3677 2877
1276 3568
7454 245
2315 2693
3000 8141
5798 4750
7433 7322
969 7900
4702 1781
3940 482
1444 5416
3523 644
8819 3482
1104 796
8156 3822
3052 1799
1720 1833
8431 4328
3373 9174
3668 746
5496 2725
47 9466
3719 9282
1063 1016
7850 8421
189 1356
8352 9295
9129 3712
4509 7172
994 234
8385 9017
850 398
4727 105
5632 5633
2732 8100
826 9300
5118 4580
3862 7225
4594 8837
3610 4926
2634 8796
4443 3799
3864 986
8158 3573
3807 4725
94 5505
5903 2192
96 97
2930 630
5083 4282
3582 5662
242 2261
9486 5052
242 457
1735 432
9229 3852
7652 4369
5355 3672
7245 7868
8945 9866
5371 7404
5949 9039
6335 1274
8257 4599
5233 9265
1279 3340
1953 5167
219 7874
4683 7791
8224 461
4314 6418
7139 3805
3829 8318
2538 8846
8712 7427
4831 1483
522 435
8062 780
1731 3209
8827 6319
6011 6964
8483 106
4332 7964
2107 8703
9164 9015
5433 331
4136 9830
4500 2572
1419 4318
1745 7038
4873 6483
6919 6576
3709 5395
4957 1333
7652 1792
5109 3784
3890 15
4331 3592
2295 4575
3590 6438
3122 7812
7642 9024
7948 3610
7928 2143
5533 5719
2203 9673
2602 407
2154 5474
6807 6311
8103 7111
895 811
7178 3212
3157 1138
2065 7861
4299 5452
3264 5655
1031 3773
7384 7259
5754 8980
1051 1664
1338 7639
8046 9606
1432 3940
6603 201
3664 8239
5402 1058
623 912
8402 8932
6793 3780
5584 467
6122 7445
1218 8849
2460 7154
2486 4954
6619 4566
2205 3537
9496 7957
8249 252
6805 928
5520 1204
8614 6821
4085 922
9855 9237
9369 2487
9306 6648
54 91
155 1781
5287 1664
6618 8967
3533 7773
7662 3237
7546 5738
2342 3510
4439 2147
9703 5499
8673 9959
881 8318
3907 2758
1598 7088
89 3277
4583 904
2685 534
2198 4738
3705 4324
8449 8817
8406 3590
5680 6112
5974 2305
4452 4375
9874 413
372 508
8826 4899
7658 7606
1046 2733
2362 5608
6512 1135
1670 6945
8035 5550
9874 220
5389 8092
1682 4676
788 3796
6101 3715
8090 3114
3528 6905
7413 4316
9216 252
4210 2591
5325 3226
8834 5257
2744 4039
985 1698
3600 766
987 9020
3465 3475
4503 6376
6524 5147
8862 5291
4757 8977
2235 3304
7621 8285
4890 6000
8592 3189
6415 9100
709 269
4308 1601
3299 9806
572 1645
666 6900
6727 7911
640 4131
5630 1230
2873 3516
2494 845
501 7630
2268 1081
7081 8122
7663 7158
2610 5673
2294 430
2031 9672
9478 6603
8248 1683
8583 6402
4314 5266
5749 1662
9244 1306
4822 7732
4929 2117
6099 3668
4749 5430
9905 4719
1877 8183
208 7568
7999 840
512 2503
5458 30
90 93
6392 3706
5325 6648
4662 7058
8364 7426
5158 3906
2375 3187
3207 6439
1870 8475
3194 4309
2492 1775
9343 1424
2264 2700
1555 3694
77 9128
9118 7013
7072 8142
1143 1862
8921 2397
6175 5805
9712 7285
6824 7686
4125 2087
6914 6384
693 5995
4122 6461
7885 3185
2237 9818
3512 6501
5629 3793
806 9941
8084 1099
2961 7878
6627 9227
1384 1882
5520 9155
6841 7448
5888 8696
5080 966
3314 2802
9263 5773
5310 7436
3606 3500
6353 7548
1341 3471
3412 1982
3081 8499
2730 7848
3427 2395
4277 5709
4864 4812
2260 6149
4846 1705
9024 8148
7303 9926
2052 2338
6126 6566
6419 7362
4910 9733
3204 2772
1107 2603
1103 2968
817 540
9287 3833
5894 4244
9056 9917
6066 759
2464 7669
5817 912
7191 7840
178 3120
6039 9243
2957 2657
8742 8810
7934 7868
6823 8298
1266 5393
2286 7926
8111 8435
2680 1573
1490 4006
1117 8088
5757 7557
4821 3581
1422 7927
7399 2012
7607 7952
6961 9790
8600 565
4785 5703
4001 2887
8280 1608
5887 1620
55 566
98 99
4356 2735
7176 9982
7539 5473
5407 2933
7212 8713
7077 3181
7485 4612
4402 4685
1602 4447
150 3003
5890 6387
4347 504
2124 522
1089 234
585 2179
1267 9581
9563 1293
3119 8443
7728 3455
2168 8526
8059 4941
9553 9245
282 5544
9991 3955
3310 1884
4623 6494
6998 5552
2427 5323
5557 9122
7653 3516
9449 2494
3788 8920
3715 5364
8819 3259
8137 1444
6385 987
233 6196
8092 2290
2597 6867
8752 4436
930 2260
4164 9727
5050 4280
9754 6591
6459 6960
9454 3759
9032 5908
1273 9594
2853 2747
4191 92
7432 7342
3538 6928
5570 4017
884 7983
2419 8168
428 5988
5716 9701
333 944
7536 7118
4078 6439
198 3995
9904 9885
9479 9230
1978 7529
3973 8685
2379 2521
5802 7757
1774 5918
253 1372
5892 9011
4999 2672
8725 2672
3617 7067
4186 9058
1849 1153
5148 8264
4501 2047
1278 1404
5285 333
9018 9608
8481 5611
3368 7749
3667 4283
2008 5143
506 272
2944 7900
573 5505
2573 8021
3431 4190
1695 3111
1375 5280
7328 3195
952 5877
6210 4958
4566 6237
1848 1580
9329 9399
3683 5217
6712 9349
91 93
9943 7218
9075 8918
3291 516
1058 8000
1111 6723
8355 9105
2301 2487
4716 2035
6993 3253
5842 7278
5210 7911
3663 4043
5612 891
240 7346
9389 8676
2246 6214
1484 9332
6201 1321
9322 1127
4202 3611
2717 433
9272 2558
945 1370
975 340
7618 4291
8554 3169
7212 2828
72 2217
9563 9176
7852 312
2878 5304
989 98
1420 714
1842 3542
7153 7094
3879 6044
4954 6222
3944 3152
3492 5900
191 4919
8089 7463
6643 8745
963 1653
830 6715
3380 6878
8535 5034
5133 2610
3325 9524
3066 2905
6351 1519
7563 6571
2794 230
9734 8870
4770 6738
8010 9579
7042 4961
58 2451
456 37
3105 7373
4252 7638
2673 2837
5447 9139
8663 4158
7063 5124
6643 8081
4652 9766
9996 559
9429 3798
6889 6083
5662 551
1864 1251
3702 9056
9093 1922
9296 4158
1797 8550
1387 9900
9039 822
4980 3187
8311 4054
2135 8395
8161 1307
1866 6787
6938 4509
592 7647
8198 3827
5078 6254
1662 62
1984 5132
5642 756
5658 7632
7532 7439
8261 7046
233 2923
93 95
7988 4896
6203 9112
2252 6149
7011 8069
5716 5542
5721 7603
210 266
328 7151
2283 1872
8980 8665
6297 7925
1717 4639
1685 182
3105 6330
5924 8270
3166 6435
1899 3912
6414 9370
3791 503
6045 3425
1028 5860
6126 1766
8917 1238
9463 6455
5120 1200
5478 8443
3082 7769
7951 7195
9877 1119
5741 7409
196 5801
6066 8908
4630 2095
2599 2480
5905 8421
4281 4996
6763 3285
876 6760
3215 5680
3233 339
8782 4687
2456 5063
8610 8217
9336 6760
521 8487
641 5078
338 717
9164 6707
9187 4968
9741 1763
3112 1444
1081 375
7135 9875
1907 1957
8648 6702
7741 1492
6555 7431
5648 197
3309 5165
5 1336
6414 3830
899 646
7353 6752
8072 64
8179 2892
688 7814
4541 1291
7518 1769
3727 1676
4730 9426
918 2375
6158 2471
9020 3826
5343 8158
9495 2330
2512 5348
5994 5909
9014 9764
9828 9699
8943 3438
1252 4359
2003 9631
1401 5793
3821 9521
5299 1480
3855 8551
1022 2570
2748 6366
4524 43
8725 8091
3440 4019
6281 7589
7353 5786
1838 5295
8733 3533
81 95
6765 6338
8483 6248
2121 8166
9646 8657
3560 3773
6343 9853
6219 935
7330 9091
3534 744
1115 6055
3644 6974
9113 7396
9043 998
883 7303
8084 4129
6819 5128
1376 4849
9367 5302
311 9850
3623 5365
5219 3872
1159 6318
1761 7790
4886 8489
4544 5295
8622 6002
3398 4540
1890 7735
5038 2442
2923 2774
7902 9474
676 9742
1396 5631
5481 43
1761 1708
1932 9104
1774 6980
1122 3091
1580 3535
8830 6009
8363 2476
3368 7452
1539 1761
555 5259
4385 2929
8756 9830
9572 8639
622 9432
5827 969
9029 6103
1559 7588
920 961
404 3333
3220 2043
4404 1984
812 2051
5855 2767
880 4180
5791 3747
6676 7788
7618 6528
5168 5432
1216 7191
4512 2142
8246 7044
984 3541
854 6157
5843 1905
300 1258
9594 9063
7466 1056
3823 406
938 3322
3421 1055
8843 3082
9610 6449
1882 6462
5 1130
3273 9450
2846 4517
8058 7871
4028 3831
2088 5264
6522 6223
5287 8740
9796 2468
9226 2753
2427 9971
1026 164
9598 2200
8650 9870
2684 9209
339 6884
6334 2689
7206 9964
81 97
9364 1616
3232 8216
4439 7804
6544 9754
8574 9726
8832 2692
2663 7800
4316 7611
9812 3689
9911 3915
3124 8462
1698 2595
1636 9815
6132 8032
3565 5194
6810 3967
8535 2929
7085 6394
2500 2975
9053 3629
6321 1074
8874 4237
1849 8984
9026 9543
3458 8013
2827 8937
7885 2934
2749 4525
8909 9521
4716 5233
5553 2475
1756 7878
4273 4088
7063 8842
2471 6773
7848 2469
6706 5145
481 3074
2617 8555
2920 9507
4797 6075
5361 5747
6624 2682
8555 4463
9696 5534
8009 3271
1150 5249
9338 6117
4959 1775
8548 2753
5222 3783
5280 2748
2175 1929
6836 5761
5269 4792
7220 9757
5504 6418
9100 2581
7044 2129
4015 4007
7279 3093
8342 2024
4493 4781
2908 4032
6786 5805
9588 1456
557 8360
289 4868
6981 2732
3876 7126
6883 8602
5020 7448
6382 8739
7220 472
4480 9778
2871 1235
9611 8111
2892 7566
1598 4105
9910 5800
3608 4736
3097 5850
7070 517
9601 3386
6864 4051
2654 9830
7278 3747
8839 4026
4499 12
9791 6059
3647 5331
3442 2662
228 3258
3715 6334
8486 8179
2915 3625
9475 8446
12 49
5751 2897
6949 8565
4747 2615
2715 5955
9981 2026
2038 1554
3965 832
6163 8181
7196 7612
871 9605
5939 3776
1955 4586
4564 777
9224 4871
7235 391
3289 4540
9457 2986
5602 6590
2545 4205
2583 8317
6223 8878
9711 973
9155 188
4153 5874
5480 6351
127 5024
5962 7771
4901 8435
3306 6878
3622 4125
5017 6893
9880 6911
9853 4474
8679 5482
151 2398
1276 1262
8588 6374
2914 7339
3214 7743
4094 7067
8443 5046
9169 573
9008 758
7636 4070
4547 8666
5560 1258
4521 9564
391 1792
3626 4374
70 75
6685 3777
6503 753
8092 5273
9368 5769
2837 7658
9056 9814
387 1280
8390 4578
8648 5748
4414 2379
3637 9548
5464 6326
8118 4511
5237 5855
1278 1744
1873 8362
9115 4315
5940 8376
4146 3559
7570 5308
1474 3335
967 6626
1204 1861
3961 9358
1737 6205
2105 4728
1054 1726
2589 7569
9777 5525
7269 7827
6189 7407
1722 9143
3871 1656
5215 4014
9322 4369
7704 2785
5764 7148
5361 8672
4382 3320
9525 9323
4051 2471
4197 1630
5552 1457
6982 6787
966 5329
2736 4252
9747 7155
5163 810
4824 3618
7988 6730
5868 498
7646 2044
7068 1632
1304 3007
8682 7802
273 830
8812 2733
4191 4471
7610 4364
6045 1173
1777 4928
2083 5133
5943 1524
1495 3598
328 7119
7617 9483
7879 6196
4180 1615
975 1300
9102 5485
2667 9657
2391 9376
199 1479
2196 2934
4107 4161
93 95
6079 2237
3761 7524
1122 8374
5494 5256
1091 7802
351 9463
1079 5323
6623 4531
6368 8406
8063 5725
5101 5387
3219 6806
9740 5300
9461 1767
6360 200
2437 8550
2426 2439
814 6198
7807 3548
1351 2660
2123 8898
4221 1702
2585 9554
7960 844
2922 5306
693 2376
9182 8023
3324 3912
5679 8923
9123 9137
4040 8392
7183 7912
462 6466
6367 4349
7009 8269
3520 7718
5772 5485
1391 4093
1290 4709
6367 5704
8080 4212
2235 3413
7325 3614
2537 1911
7401 9357
4101 8012
2276 1441
4259 7636
1986 2739
7360 626
8344 5347
7184 880
1326 468
1530 8576
632 2616
3180 7897
1310 5064
8678 1767
31 4988
697 7568
1932 7432
8873 1150
8786 4209
3300 9484
111 772
2472 660
7893 4807
5276 9656
4584 9219
8187 3158
1055 1568
6632 1367
9486 8718
58 1663
5583 9517
6949 755
1905 7515
8076 2174
1659 7043
7816 1376
8389 1770
6577 6640
2648 6282
5501 8205
1363 7233
5153 40
1407 8771
7489 1786
9801 7245
6763 3899
4654 5384
9251 64
2239 2911
9954 3680
5056 250
22 33
762 9797
6079 4949
9507 3411
6996 7932
7972 7222
5993 2149
287 5731
2977 9834
3733 6440
1824 9740
9804 4739
4002 7428
1108 8395
8645 3957
4431 2516
2314 7017
8319 5194
4957 8393
6326 4178
1400 8305
454 650
6382 3746
3580 7094
3534 9359
9099 3666
4757 1711
9139 8903
7299 8760
2717 247
2763 2296
5666 3500
5046 5077
9823 3985
